secCode
300349
300004
601677
2318
603399
300080
638
638
638
638
605066
605066
605066
605066
605066
2062
2062
2062
2062
2062
839108
839108
600870
2051
2761
300453
300453
300453
300453
300453
837643
688027
2011
2011
837643
2490
2490
2490,112178
568
568
无
510683
603191
688395
605066
688226
600545
600790
600606
600790
600422
757
757
2364
757
2408
600162
600162
600162
600162
600162
88
300495
188350
188940
2059
603031
603031
605198
605198
605198
300961
300961
136653
143218
832471
2152
600796
600796
600796
600796
831965
2501
2824
2824
163428
600361
36
600361
882
882
2349
2349
2349
2349
2349
600858
600858
590
3012
3012
600517
2483
600021
300402
2270
832257
832257
832257
832257
832257
600525
600525
152449
2743
600362
600141
603158
600141
600141
600141
无
124852
124861
124861
2108
2108
430490
430490
430490
430490
430490
831308
831308
831308
831308
831308
832903
832903
832903
832903
832903
838240
838240
838240
838240
838240
838104
838104
838104
838104
838104
836641
836641
836641
836641
836641
834002
834002
834002
834002
834002
831524
831524
831524
831524
831524
831693
831693
831693
831693
831693
831234
831234
831234
831234
831234
834412
834412
834412
834412
834412
873531
873531
873531
873531
873531
837136
837136
837136
837136
837136
838209
838209
838209
838209
838209
838675
838675
838675
838675
838675
无
834486
834486
834486
834486
834486
870997
870997
870997
870997
870997
837187
837187
837187
837187
837187
430066
430066
430066
430066
430066
430350
430350
430350
430350
430350
871480
871480
871480
871480
871480
836225
836225
836225
836225
836225
833813
833813
833813
833813
833813
838693
838693
838693
838693
838693
600406
600268
600268
600268
600268
836708
836708
836708
836708
836708
838672
838672
838672
838672
838672
833753
833753
688011
688011
688011
831278
831278
831278
831278
831278
833423
833423
833423
833423
833423
839391
839391
839391
839391
839391
1226
1226
1226
1226
1226
870357
870357
870357
870357
870357
832432
832432
832432
832432
832432
3015
3015
3015
3015
3015
300452
300452
300452
300452
300452
3028
3028
3028
3028
3028
838841
838841
838841
838841
838841
835427
835427
835427
835427
835427
688699
688699
688699
688699
688699
872063
872063
872063
872063
872063
无
832270
832270
832270
832270
832270
835257
835257
835257
835257
835257
834752
834752
834752
834752
834752
834351
834351
834351
834351
834351
301361
301361
301361
301361
301361
无
871447
871447
871447
871447
871447
873850
873850
873850
873850
873850
833582
833582
833582
833582
833582
837094
837094
837094
837094
837094
873019
873019
873019
873019
873019
839642
839642
839642
839642
839642
873587
873587
873587
873587
873587
834010
834010
834010
834010
834010
838078
838078
838078
838078
838078
839226
839226
839226
839226
839226
870762
870762
870762
870762
870762
873300
873300
873300
873300
873300
873964
873964
873964
873964
873964
872534
872534
872534
872534
872534
839523
839523
839523
839523
839523
836991
836991
836991
836991
836991
872261
872261
872261
872261
872261
300782
835447
835447
835447
835447
871403
871403
871403
871403
871403
837707
837707
837707
837707
837707
872588
872588
872588
872588
872588
832084
832084
832084
832084
832084
835764
835764
835764
835764
835764
601908
601908
601908
601908
601908
831760
831760
831760
831760
831760
831770
831770
831770
831770
831770
836779
836779
836779
836779
836779
871699
871699
871699
871699
300085
873579
873579
2250
2250
300413
无
838194
838194
838194
838194
838194
834966
834966
834966
834966
834966
833822
833822
833822
833822
833822
836235
836235
836235
836235
836235
870719
870719
870719
870719
870719
872392
872392
872392
872392
872392
836050
836050
836050
836050
836050
300446
300446
300446
300446
300446
300160
600346
600889
600287
600746
838241
838241
838241
838241
838241
301141
301141
301141
301141
301141
836422
836422
836422
836422
836422
301237
301237
301237
833566
833566
300593
830840
830840
830840
830840
873766
873766
873766
873766
873766
2136
2136
2136
2136
2136
839452
839452
839452
839452
839452
834296
834296
834296
834296
834296
834684
834684
834684
834684
834684
832119
832119
832119
832119
832119
839342
839342
839342
839342
839342
1986
1986
1986
1986
1986
无
871494
871494
300538
137584
300833
833686
833686
833686
833686
833686
831246
831246
831246
831246
831246
无
837588
837588
837588
837588
837588
872482
872482
872482
872482
872482
870496
870496
870496
870496
870496
871135
871135
871135
871135
871135
838502
838502
838502
838502
838502
834700
834700
834700
834700
834700
835702
835702
835702
835702
835702
836830
836830
836830
836830
836830
872956
872956
122560
124853
300237
无
836002
836002
836002
836002
836002
833675
833675
833675
833675
833675
835540
835540
835540
835540
835540
832094
832094
832094
832094
832094
无
831670
831670
831670
831670
831670
无
834976
834976
834976
834976
834976
无
无
872981
872981
872981
872981
872981
832061
832061
832061
832061
832061
833126
833126
833126
833126
833126
873583
873583
300388
300388
300388
871348
871348
871348
871348
871348
832518
832518
832518
832518
832518
870539
870539
870539
870539
870539
839692
839692
839692
839692
839692
837345
837345
837345
837345
837345
601001
300317
300274
300317
300317
870309
870309
870309
870309
870309
605028
605028
605028
605028
605028
870548
870548
870548
870548
870548
838951
838951
838951
838951
838951
831992
831992
831992
831992
831992
430602
430602
430602
430602
430602
839561
839561
839561
839561
839561
836228
836228
836228
836228
836228
871274
871274
871274
871274
871274
2618
2618
2618
2618
2618
831123
831123
831123
831123
831123
832867
832867
832867
832867
832867
832293
832293
832293
832293
832293
830772
830772
830772
830772
830772
871990
871990
871990
871990
871990
835198
2004
835198
301069
301069
873081
873081
873081
839043
870112
873953
873953
873953
873953
873953
834530
834530
834530
834530
834530
430331
430331
430331
430331
430331
430529
430529
430529
430529
430529
833507
833507
833507
833507
833507
839845
839845
839845
839845
839845
835812
835812
835812
835812
835812
836337
836337
836337
836337
836337
872880
2476
872880
2476
2476
872765
872765
872765
872765
872765
832082
832082
832082
832082
832082
870957
870957
870957
870957
870957
300900
300900
300227
300900
300227
300194
300194
430730
600671
300194
430477
430477
430477
430477
430477
838449
838449
838449
838449
838449
2459
300258
301255
2459
2459
832274
832274
832274
832274
832274
837980
837980
837980
833385
837980
无
836861
836861
836861
836861
836861
832634
832634
832634
832634
832634
873570
873570
873570
873570
873570
2590
2590
832254
2590
832254
837289
837289
837289
837289
688377
872922
872922
872922
872922
872922
834264
834264
834264
834264
834264
835511
835511
835511
835511
835511
835773
835773
835773
835773
835773
838949
838949
838949
838949
838949
838529
838529
838529
838529
838529
873988
873988
873988
873988
873988
873790
873790
873790
873790
873790
835062
835062
835062
835062
835062
301359
301359
301359
301359
301359
870208
870208
870208
870208
870208
873266
873266
873266
873266
873266
872580
872580
872580
872580
872580
870418
870418
870418
870418
870418
870667
831891
605098
605098
831891
872878
872878
872878
872878
872878
833716
833716
833716
833716
833716
873479
873479
2846
2759
2846
838097
838097
838097
838097
838097
T00005
688032
300008
300008
300913
872807
872807
872807
872807
872807
831340
831340
831340
831340
831340
831650
831650
831650
831650
831650
603379
600636
605020
605020
605020
834518
834518
834518
834518
834518
834879
834879
834879
834879
834879
834018
834018
834018
834018
834018
872022
872022
872022
872022
872022
873664
873664
873664
873664
873664
839506
839506
839506
839506
839506
834250
834250
834250
834250
834250
838796
838796
838796
838796
838796
873955
873955
873955
873955
873955
839599
839599
839599
839599
839599
430394
430394
430394
430394
430394
871495
871495
871495
871495
871495
873356
873356
873356
873356
873356
836216
836216
836216
836216
836216
838059
838059
838059
838059
838059
839364
839364
839364
839364
839364
873407
873407
873407
873407
873407
830773
830773
830773
830773
830773
无
430517
430517
430517
430517
430517
872264
872264
872264
872264
872264
837838
837838
837838
837838
837838
870600
870600
870600
870600
870600
870259
870259
870259
870259
870259
871816
871816
871816
871816
871816
837835
837835
837835
837835
837835
430226
430226
430226
430226
430226
833653
833653
600279
600279
301189
430209
430209
430209
430209
430209
832653
832653
832653
832653
832653
872417
872417
872417
872417
872417
833204
833204
833204
833204
833204
831269
831269
831269
831269
831269
871594
871594
871594
871594
871594
832736
832736
832736
832736
832736
837177
837177
837177
837177
837177
832326
832326
832326
832326
832326
430003
430003
430003
430003
430003
836421
836421
836421
836421
836421
835266
835266
835266
835266
835266
833219
833219
833219
833219
833219
838868
838868
838868
838868
838868
873698
873698
873698
873698
873698
833954
833954
833954
833954
833954
836592
836592
836592
836592
836592
831567
831567
831567
831567
831567
839497
839497
839497
839497
839497
832727
832727
832727
832727
832727
830886
830886
830886
830886
830886
833542
833542
833542
833542
833542
834156
834156
834156
834156
834156
872345
688510
688510
600485
688510
873992
873992
873992
873992
873992
872780
872780
872780
872780
872780
430499
430499
430499
430499
430499
870104
870104
870104
870104
870104
831491
831491
831491
831491
831491
870374
870374
870374
870374
870374
831722
831722
831722
831722
831722
872111
836356
1234
688329
688329
873586
873586
873586
873586
873586
873929
873929
873929
873929
873929
831276
831276
831276
831276
831276
430453
300411
831528
300411
300411
832642
832642
832642
832642
832642
300881
300881
300881
300881
300881
600513
600513
600513
600513
600513
300568
300568
300568
300568
300568
957
957
957
957
957
2826
2826
2826
2826
2826

837694
837694
837694
837694
831396
831396
831396
831396
831396
300116
300116
300116
832602
870852
无
无
2374
2374
2374
2374
2374
2107
2107
2107
2107
2107
620
620
620
620
620
600389
2942
600389
2258
603188
836744
836744
836744
836744
836744
300481
300481
300481
300481
300481
300357
300357
300357
300357
300357
1205
1205
1205
1205
832659
300010
300010
831850
300010
300010
832419
832419
832419
832419
832419
832725
832725
832725
832725
832725
834809
834809
834809
834809
834809





601579
601579
601579
601579
601579
127898
2097
603357
600458
2625
2752
836322
688529
603611
688529
600710
657
400021
831245
832177
无
603808
603808
603808
603808
603808




688521
无
301153
301153
301153
301153
301153
300771
300771
300771
300771
300771
2805
2805
2805
2805
2805
600100
600100
600100
600100
600100
无
600767
600741
600741
600781
603117

838391
838391
838391
838391
601717
835857
601717
835857
835857
605179
605179
605179
605179
605179
837768
837768
803
803
837768
836338
836338
836338
836338
836338
2086
2086
2086
2086
2086
3022
3022
3022
3022
3022
300670
300670
300670
300670
300670

871976
603996
838458
2214
601158
601158
600979
600979
188048
2848
2848
2848
2848
2848
803
600378
540
600378
600378
833692
833692
833692
833692
833692
600557
600557
600557
600557
600557
600401
600401
603188
603188
603188
300071
300071
300071
300071
300071
300533
300533
300533
300533
300533
688318
688318
688318
688318
688318
300373
300373
300373
300373
300373
2002
123009
2002
837843
831347
831661
831661
832676
301175
688211
无
838519
838519
838519
838519
838519
2831
2831
2831
112472
112472
300942
300942
300942
300942
300942
2401
2401
2401
2401
2401
2823
2823
2823
2823
2823
838246
838246
838246
838246
838246
300065
300065
600966
300871
600260
836781
836781
836781
836781
836781
873273
873273
873273
873273
873273
430761
430761
430761
430761
430761
300961
300961
300961


688595
688595
688595
688595
688595
2917
2917
2917
2917
2917
2979
2979
2979
2979
2979
301189
301189
301189
301189
301189
301091
301091
301091
2528
301091
无
2294
2294
2294
2294
2294
无
601860
601860
601860
835457
601860
831385
831385
831385
831385
831385
300119
300119
2611
2611
2611
688226
688226
688226
688226
688226
8286
8286
8286
8286
8286
603067
603067
603067
603067
603067
603013
603013
603013
603013
603013
688228
688228
688228
688228
688228
688589
688589
688589
688589
688589
无
152395
127428
127427
403
403
2564
601222
601222
601222
601222
757
757
831544
410
603916



603727

无
600973
600973
600973
600973
600973
603039
603039
603039
603039
603039
831010
831010
831010
831010
831010
2178
2178
301135
600787
300644
无
576
834370
65
301043
65
2536
2536
300122
300122
300122
无
833663
833663
833663
833663
833663
300699
300699
300699
300699
300699
2340
2340
2340
2340
2340
2793
2793
601233
2793
2793
603367
603367
603367
603367
603367
2243
2243
2243
2243
2243
300301
430444
300301
837932
430444
831242
831242
831242
831242
831242
300204
300204
300204
300204
300204
300047
300047
300047
300047
300047
2407
2407
2407
2407
2407
149870
149870
149870
149870
149870





810
832965
810
832965
600220
300888
300888
300888
300888
300888
无
2967
2967
2967
2967
2967
603021
603021
603021
603021
603021
152396
152396
185556
185559
188120
2271
603588
2271
2271
599
无
301366
300951
300951


300121
300121
300121
300121
300121
600583
600583
600583
600583
600583
300665
300665
300665
300665
300665
763
763
763
763
763
无
188094
967
175322
188094
175322
163360
185555
163360
300124
688698
688035
688086
688086
603823
603823
839004
839004
839004
839004
839004
835094
835094
835094
835094
835094
688681
688681
688681
688681
688681
2803
2803
2803
2803
2803
688097
688097
688097
688097
688097
919
919
919
919
919
870030
870030
870030
870030
870030
600634
600634
600078
600634
600634
2470
600939
600939
300078
600939
2471
2506
603042
688420
301125
300296
837043
600260
300182
300296
无
873798
873798
873798
873798
873798
600754
600754
600754
2061
600754
688327
688327
609
832713
688327
503
503
503
300272
300272
837442
600312
834233
834233
834233
430612
591
600340
300430
600862
541
541
2137
541
541
836909
836909
2010
155574
603799
605080
605080
605080
605080
605080
300607
831535
300607
836963
300607
无
300484
300484
2034
430263
600373
603333
688585
603333
603333
688585
600918
603659
603659
603659
600918
2670
2670
2670
163249
163371
300818
300818
300818
300818
300818
300557
300557
300557
300557
300557
2279
430007
430007
430007
2279
2254
2254
2254
2254
2254
149666
149666
149666
149666
149666
2005
2005
2005
2005,112165
2005





300796
300796
300796
300796
300796
300177
300177
300177
300177
300177
300011
300011
300011
300011
300011
301013
301013
301013
301013
301013
2289
2289
2289
2289
2289
2207
2207
2207
2207
2207
300241
300241
300241
300241
300241
300182
300182
300182
300182
300182
无
无
833761
838570
300737
300715
838570
831275
831275
831275
831275
831275
831737
831737
831737
831737
831737
300020
300020
300020
300020
300020
688386
688386
688386
688386
688386
831638
831638
831638
831638
831638
603718
603718
603718
603718
603718
2007
2007
2007
2007
2007
835281
T00352
831240
300862
1330
无
837304
836054
967
600187
2806
122884
600865
600865
2534
2534
300240
430636
603665
834879
600682
无
300487
600064
600775
600889
600775
833477
833477
833477
833477
833477
833594
833594
833594
833594
833594
820
123034
820
820
300948
300110
300110
300110
300110
300110
300448
300448
300448
300448
300448
300673
300673
300673
300673
300673
688011
688011
688011
688011
688011
2008
2008
2008
2008
2008
836909
836909
836909
836909
836909
600487
832021
600220
600170
832021
301193
301193
301193
301193
301193
301086
301086
301086
301086
301086
600686
600686
600686
600686
601155
无
600332
826
300171
163617
185187
605068
605068
605068
603081
603081
无
无





872325
872325
872325
872325
872325
601877
301211
601877
600597
301211
603086
603086
603086
603086
603086
688571
688571
688571
688571
688571
2837
2837
2837
2837
2837
300345
300345
300345
300345
300345
2183
2183
2475
600851
600269
无
600793
688086
688086
T00849
688086
2635
T00244
300190
163267
2778
无
835650
835650
2161
2161
835650
300514
300514
300514
300514
300514
300845
300845
300845
300845
300845
2421
2421
2421
2421
2421
688525
688525
688525
688525
688525
836235
600745
836235
830958
551
831001
600206
672
603915
603915
2809
2809
2809
2809
2809
149532
149532
149532
149532
149532
837879
837879
837879
837879
837879
T00517
58
62
62
62
600350
601518
600012
603357
603357
T00016
T00016
2315
T00016
603666
无
300576
300576
300576
300576
300576
300565
300565
300565
300565
300565
2315
2315
2315
2315
2315
833687
833687
833687
833687
833687
605377
605377
605377
605377
605377
300559
300559
300559
300559
300559
831575
831575
831575
831575
831575





2009
2009
601399


834543
834543
834543
834543
834543
874056
874056
874056
874056
874056
无
300690
300690
300690
300690
300690
688313
688313
688313
688313
688313
2916
2916
2916
2916
2916
600557
600557
600557
600557
600557
2379
2379
2379
2379
2379
300277
300277
300277
300277
300277
603626
603626
603626
603626
603626
600820
601789
601789
600820
188912
无
200992
200992
200992
200992
200992
2527
2527
2527
2527
2527
603200
603200
603200
603200
603200
300269
300269
300269
300269
300269
301083
301083
301083
301083
301083
905
905
905
905
905
688007
688007
688007
688007
688007
2327
2327
2327
2327
2327
无
839507
839507
839507
839507
839507
无
无
2543
2543
2543
2543
2543
300909
300909
300909
300909
300909
301391
301391



300833
300833
300833
300833
300833
2879
2879
2879
2879
2879
834434
300758
300758
300758
300758
267
267
267
267
267
603551
603551
600803
603551
600226
870029
870029
870029
870029
870029
688779
600390
600390
600975
600478
152315
152345
127871
155870
152161
831348
834973
834973
T00414
127775
600400
600400
600400
600400
600400
无
603195
603195
603195
603195
603195
2789
2789
2789
2789
2789
600537
2681
600537
600537
600537
无
870906
870906
870906
870906
870906




601877
无
603090
603090
603090
603090
603090


300889
300889
300889
2090
2090
2090
2090
2090
600579
600874
831477
300470
300470
688220
300319
688220
300724
300724
838394
838394
838394
838394
838394
300737
300737
837182
300737
300737
831456
831456
831456
831456
831456
835681
835681
835681
835681
835681
无
930
930
930
930
930
603825
835334
600313
836645
603206
300827
300827
2323
603355
603355
2297
2297
2297
2297

833827
833827
833827
833827
833827
2886
2886
2886
2886
2886
2215
2215
2215
2215
2215
833385
833385
833385
833385
833385
600212
600212
600212
600212
600212
831234
300117
300117
300117
830906
600340
600340
600340
2146
600340





831714
831714
831714
831714
831714
301127
301127
831713
301127
301127
834770
834770
834770
834770

833735
833735
833735
833735
833735
836373
2262
2262
188112
185467
832403
832403
832403
832403
832403
836595
836595
836595
836595
836595
836575
836575
836575
836575
836575
无
无
872710
872710
872710
872710
600975
871470
871470
871470
871470
871470
870164
870164
870164
870164
870164
839143
600858
600858
600858
600858
835055
835055
300043
300043
300043
832963
832963
832963
832963
832963
430563
430563
430563
430563
430563
873568
873568
873568
873568
873568
600827
831576
600827
835676
981
833505
833505
833505
833505
833505
873557
873557
873557
873557
873557
409
409
409
600727
600727
638
600211
638
603168
638
600988
600988
600988
600988
600988
600686
600686
600549
600549
601636
无
T00844
928
2778
2778
2778
300398
300398
300398
300398
300398
无
831690
600862
600862
600862
600862
无
873463
873463
873463
873463
873463
430361
430361
430361
430361
430361
600287
688226
688226
600517
600517
300421
2074
2074
2074
2074
862
682
600486
600486
600486
600352
600352
600352
600352
600352
961
961
601599
300528
600128
无
600487
600487
600487
300346
600487
2839
2435
2435
2435
831424
300282
300559
300559
300559
300282
2129
300140
300140
300140
300140
872376
872376
872376
872376
872376
836171
836171
836171
836171
836171
870365
870365
870365
870365
870365
830857
830857
830857
830857
830857
836753
836753
836753
836753
836753
835695
835695
835695
835695
835695
872398
872398
872398
872398
872398
无
127263
124035
124639
2963
603329
832943
832943
832943
832943
832943
无
831685
831685
831685
831685
831685
831615
831615
831615
831615
831615
430626
430626
430626
430626
430626
831186
831186
831186
831186
831186
831779
831779
831779
831779
831779
836297
836297
836297
836297
836297
832561
300221
301175
2610
600546
831179
831179
831179
831179
831179
834740
834740
834740
834740
834740
871934
871934
871934
871934
871934
831835
831835
831835
831835
831835
835636
835636
835636
835636
835636
无
835472
835472
835472
835472
835472
915
603856
2584
836291
836291
600010
600111
600010
600010
600010
871642
871642
871642
871642
871642
2480
2628
600039
600039
600039
2496
600803
600803
600803
600803
300046
300046
300046
300046
300046
2245
2245
2245
603626
2245
70
600310
600310
600310
600310
603611
603611
837056
603611
862
2016
838470
603986
603986
600968
2540
2540
2540
300733
300733
无
600212
600212
600735
300572
300572
873393
873393
873393
873393
873393
603079
603079
603079
603079
603079
836547
836547
836547
836547
836547
300117
2271
786
2271
600100
430178
430178
430178
430178
430178
836350
836350
836350
836350
836350
301317
301317
301317
301317
301317
603073
603073
603073
603073
603073
831189
300413
300413
2193
300413
852
852
571
2248
836942
832373
832373
832373
832373
832373
405
2256
835518
2092
2092
301150
301150
301150
301150
301150
423
423
423
423
423
688143
688143
688143
688143
688143
300717
300717
300243
300243
T00297
300689
300689
300689
300689
300689
2271
2271
2271
300715
2271
430369
430369
430369
430369
430369
830920
830920
830920
830920
830920
832469
832469
832469
832469
832469
837212
837212
837212
837212
837212
839086
839086
839086
839086
839086
2988
2988
2988
2988
2988
600165
2512
600165
600165
600165
无
601728
601728
601728
300513
300513
834347
834347
834347
834347
834347
603489
603489
603489
603489
603489
416
2323
2323
600051
2323
870881
870881
870881
870881
870881
839099
839099
839099
839099
839099
831060
831060
831060
831060
831060
831750
831750
831750
831750
831750
2448
2423
2448
2423
2423
2259
2259
2259
2259
2259
2674
2674
2674
2674
2674





300185
605133
300185
600889
600889
无
300811
300811
300811
300811
300811
871937
871937
871937
871937
871937


688037
688037
688045
838849
838849
838849
838849
838849
430475
300640
874048
2102
832900
835554
835554
300569
300569
832285
872748
872748
872748
872748
872748
601298
601298
601298
601298
2948
839633
839633
839633
839633
839633
124551
835511
834822
835725
175862
834985
834985
834985
834985
834985
835296
835296
835296
835296
835296
835231
835231
835231
835231
835231
836743
836743
595
836743
836743
835901
835901
835901
835901
835901
300132
138723
603995
124074
603638
300998
300998
836203
300998
300998
834929
834929
834929
834929
834929
872667
872667
872667
872667
872667
871519
871519
871519
871519
871519
837574
837574
837574
837574
837574
872758
872758
872758
872758
872758
834076
834076
834076
834076
834076
300875
300875
300875
300875
300875
2422
2422
2422
2422
600252
831442
831442
831442
831442
831442
839679
839679
839679
839679
839679
2092
2092
300551
835921
300551
2090
300353
300353
2090
2090
837078
837078
837078
837078
837078
835060
835060
835060
835060
835060
无
430093
430093
430093
430093
430093
600348
600348
600348
600348
600348
872573
872573
872573
872573
872573
834276
834276
834276
834276
834276
603267
832007
832007
8
688066
2139
300123
300123
2139
2139
T00133
300092
300092
127886
127886
300273
600055
2020
688271
688271
600556
600556
872188
872188
831084
838367
838367
838367
838367
838367
838207
838207
838207
838207
838207
839754
839754
839754
839754
839754
600111
600111
600111
600111
600111
430645
430645
430645
430645
430645
833320
833320
833320
833320
833320
873057
873057
873057
873057
873057
300308
688699
688173
688511
688173
839967
839967
839967
839967
839967
832973
832973
832973
832973
832973
833245
833245
833245
833245
833245
873239
873239
979
979
979
831108
831108
831108
831108
831108
838070
838070
838070
838070
838070
430561
430561
430561
430561
430561
873430
873430
873430
873430
873430
837263
837263
837263
837263
837263
430641
430641
430641
430641
430641
838204
838204
838204
838204
838204
836560
836560
836560
836560
836560
600681
601882
2348
839553
430003
301277




127336
300536
152935
127336
300993
无
600654
600654
139126
139126
9
无
2684
600423
600368
600423
2684
300699
T00784
300699
300699
300699
832620
832620
832620
832620
832620
688511
688511
688511
688511

600072
300201
2535
425
300201
2567
2732
833212
833212
122756
832334
2722
2722
832334
2722
无
600387
603980
2010
2137
600387
600522
600522
600522
600522
600522
831372
831372
831372
831372
831372
601155
601155
601155
601155
601155
300325
600869
2309
600497
688681
300256
300256
300256
300256
300256
无
839719
839719
839719
839719
839719
300367
300367
300367
300367
300367
600319
600319
300877
831913
600491
871768
871768
871768
871768
871768
2367
605286
600220
2722
2722
600262
600262
600967
600010
65
603680
603680
603680
603680
603680
652
652
652
652
652
838560
672
838560
600885
523
2866
2866
2866
2866
2866
605133
605133
600421
600421
600421
300547
620
300717
300717
300152
无
2258
300808
300808
2279
2777
无
600287
600220
600220
600919
300160
603656
688062
688062
688661
688179
2686
2686
2686
2686
872473
600243
600243
600243
600243
600243
300737
2271
300737
2271
300214
872753
872753
872753
872753
872753
600487
838153
300309
600487
835154
958
600641
832441
603787
300393
837062
460
837062
837062
837062
300410
300410
69
603489
300410
2276
2276
600130
2534
2534
839559
839559
839559
839559
839559
无
603366
T00654
834049
300722
600682
301031
301031
301031
301031
301031
2411
831140
831140
831140
831140
600869
600869
600869
871849
871849
2007
2007
2007
301207
2007
1238
688777
603186
688777
688777
600856
927
2073
2073
605060
600741
688565
688565
688565
603917
834044
834044
834044
834044
834044
600765
603011
600169
300775
838659
928
T00428
600010
657
127871
300680
832377
600565
300326
600775
871951
871951
871951
871951
871951
688323
688323
688323
688323
688323
无
688596
605222
688596
688596
605222
600526
600526
600526
600526
600526
838754
838754
838754
838754
838754
873197
873197
873197
873197
873197
833549
833549
833549
833549
833549
839981
839981
839981
839981
839981
833119
833119
833119
833119
833119
832213
832213
832213
832213
832213
300356
837482
837482
837482
837482
874022
874022
836573
836573
300382
872344
872344
872344
872344
872344
833544
833544
833544
833544
833544
无
871702
871702
871702
871702
871702
836504
836504
836504
836504
836504
872169
872169
872169
872169
872169
836579
836579
836579
836579
836579
838637
838637
838637
838637
838637
832402
832402
832402
832402
832402
838327
838327
838327
838327
838327
925
601599
122985
122985
906
837601
837601
837601
837601
837601
601177
601177
601177
601177
601177
833128
300121
430728
833128
188413
600562
600562
600562
688168
600562
833761
2007
4086,004085
3401
3643,003342
430500
430500
2239
430500
430500
611
611
2721
611
611
600750
600750
600750
600750
600750
600501
2228
2228
716
716
无
831264
831264
831264
831264
831264
430096
430096
430096
430096
430096
600175
600032
300180
603227
688565
600783
300953
300953
300953
300953
881
2163
2163
600973
600973
2503
836112
601020
603713
600234
600614
832441
600614
600614
600614
600721
601117
688669
300110
831316
无
836776
836776
836776
836776
836776
835222
837064
603182
603182
833317
600496
708
600477
835805
600126
无
832724
603112
833398
832724
300172
300217
300217
300217
300217
300217
870697
870697
870697
870697
870697
152203
600503
600070
600070
300078
143340
143526
143526
143340
603179
600378
833176
978
21
833176
300617
2074
2074
300568
300568
无
413
413
688510
413
413
无
916
916
838929
1965
1965
无
无
2576
2576
2576
2576
2576
152981
600606
2969
600606
175524
721
430157
300038
837662
837662
833971
833971
833971
833971
833971
无
838853
838853
838853
600901
603076
600340
601226
600340
300374
601226
300331
300331
300331
300331
300331
430716
615
887
300839
603789
300090
672
603269
605007
605007
无
591
185755
300022
300022
600075
688658
300675
300923
300224
300224
834118
601858
836185
836185
831551
603858
2019
688266
603858
603858
无
872640
872640
872640
872640
872640
605081
600021
2391
603517
600021
873306
873306
873306
873306
873306
601886
831465
832090
601886
2504
571
571
571
571
571
833946
300173
600817
833946
600817
300448
2544
600538
600538
600538
2930
300029
300198
300029
300495
T00747
600522
301125
301125
600522
无
832065
2309
839566
2686
833442
2559
2559
2559
2559
2559
无
601866
601919
601866
601866
601866
无
2145
2145
2145
2145
430141
2998
2998
2998
2998
832268
300466
300466
300466
300466
672
300064
300064
600971
605060
605060
600064
820
600775
601009
600481
603186
603186
603186
603186
600343
152620
184240
600157
122696
600157
2061
517
517
600885
600885
2147
603010
757
757
757
无
300128
301077
301077
600376
600376
600220
600220
605277
600220
600220
2610
834911
834911
2245
870397
600032
600032
300434
300434
301218
832615
832615
600610
601028
816
300169
600732
600732
300169
300169
无
2796
600234
600234
835827
430684
872970
603019
603516
603927
603927
无
301059
870648
301059
870648
2967
688488
688488
688488
688488
688488
603878
603985
603757
600818
600169
838809
838809
833038
603825
603825
2183
2610
600155
600155
300325
300434
300434
300434
300434
300434
无
300304
2323
2323
2323
688226
136384
2050
833356
2454
834095
无
2554
837435
835042
831437
2741
600250
2610
533
600250
600250
587
587
600021
587
600021
127871
152315
152345
152261
152455





无
无
600845
600845
600845
600845
600126
2993
832913
832913
832913
688177
688425
600169
928
260109
510080
139171
300080
152315
152345
127871
300912
300912
2686
834004
2686
600377
200706
600377
300173
831400
2373
2373
2373
2373
2373
300596
300141
603861
603861
603861
152610
115116
600710
175299
152610
600461
603337
603337
672

605555
834377
834377
300415
300415
839350
300903
2101
832201
300903
无
833731
2004
600783
822
136007
862
835911
835911
600721
600721
739
739
600668
600668
739
836776
836776
836776
2044
2044
600795
300091
300091
600641
600641
300050
300050
300050
300895
600053
833225
600966
600966
600966
600966
301060
301060
301060
834786
300856
835144
2610
835144
835144
835144
2413
2413
2413
2413
2413
177
600377
833878
831932
833878
无
无
601789
601789
601789
175602
175980
600212
870707
2141
2141
2141
2238
2238
2238
2238
2052
2284
2284
301119
603687
688255
603507
2947
2902
603496
603301
876
T00145
935
876
876
无
688208
688208
688208
688208
2061
300232
300232
2359
603021
2107
837303
400
300304
400
836100
2247
2247
2247
2247
600129
919
919
919
919
919
832429
832429
152315
127871
152345
833193
534
833193
830995
2681
无
300353
300353
2039
300353
600268
300741
300741
124578
300741
300741
2438
2438
2605
601100
600482
无
688392
688392
688392
600733
300352
600468
450007
40035
202027
2884
600010
2090
2090
545
601992
603307
603307
603307
603307
567
688697
603699
603699
603699
603917
无
2238
2238
600149
600149
127514
2647
2760
2203

2647
无
2575
2575
2575
2575
2575
2006
831132
2376
832464
832464
无
300243
832056
2228
600422
300970
无
无
600678
600678
600678
600678
600678
2160
300326
300573
300326
870766
873396
873396
873396
873396
873396
506
600827
506
600262
600604
835342
835342
835342
835342
600481
601668
601668
601668
601668
601668
无
601222
601222
601222
601222
601222
839167
839167
601339
601339
600156
2480
2480
2480
2480,112053
2480
605389
600765
559
600010
928
603908
603908
603908
603908
605080
830839
600528
163256
163256
830839
2420
835709
600839
835709
835709
835269
600581
600581
835269
835269
831657
600733
603299
603299
2783
688295
688295
688295
688295
688295
2327
161726
300109
600629
2327
300580
300580
300580
300933
430622
300018
300018
300018
300018
300018
2228
2228
2228
2228
2228
832412
2498
2292
2292
300091
无
300241
2172
2172
2172
2172
300145
300145
300145
300145
300145
无
2146
603010
163587
603010
603010
152315
127871
152345
143324
143324
无
150028,150029
165511
510020
150028,150029
165511
无
603010
2372
2372
603010
603010
603906
603787
603906
603906
603787
300053
839977
832128
300242
300242
无
830961
2917
2917
603227
2917
2947
2947
2947
836702
2947
600255
600255
600255
600255
600255
2634
2634
300866
300866
301327
600232

600232
600232
831345
无
300212
600654
300212
600654
937
300156
600856
600553
600553
2009
873406
873406
873406
873406
873406
300063
300063
300063
300063
300063
无
600312
300805
112397
112443
112398
300584
300584
300584
300584
300584
411
411
600422
411
411
300534
300534
600603
300534
300534
无
无
831427
300160
300353
300353
300353
793
3043
3043
3043
831347
605100
600960
600960
605100
600960
831338
600301
834295
834295
603687
837534
839275
839275
600026
601798
600858
300758
599
603557
599
603181
603982
603982
688639
603181
3012
300527
2212
2245
2245
2374
34
34
300753
300753
829
829
829
829
829
无
688567
300173
2042
300394
603938
无
无
832124
300637
2713
835
837226
902
603238
832064
300819
603323
831998
831998
430707
430707
430707
600608
600608
834828
870365
601700
155
300456
155
601966
600562
600220
833650
600104
600104
301018
2204
2204
961
2204
2204
300207
603367
603367
603367
2793
无
600401
600401
2506
600401
600021
无
无
无
832938
300786
600422
300786
300786
无
1329
1329
1329
1329
1329
300826
300826
300826
833026
838689
409
409
2604
300583
409
832594
600746
300641
832594
300304
410
830772
657
603278
184693
无
无
无
3012
3012
3012
3012
3012
2862
2862
430173
600234
601515
300042
28
601778
300042
832767
2089
300350
31
300350
31
430176
2607
430176
430176
T00663
无
2450
603060
300099
603601
300256
300500
673
2120
600986
136774
无
1527
837501
832561
2009
600732
835273
603238
3036
603238
600576
831948
831948
600959
600959
430228
523
688
2513
836110
603169
603666
603206
603206
603206
603206
无
600232
600232
600232
600232
600232
300185
300185
300185
300185
300185
300223
600209
2747
2747
2747
无
2476
600691
837965
300933
2476
2449
301349
688359
688359
688359
837640
837640
603800
603800
603800
600068
2053
600068
600068
600068
603928
603928
603928
603928
136269
838197
838197
838197
838197
838197
873452
873452
873452
600545
600545
2860
2860
2860
2860
688656
2660
2660
2660
600667
2660
600499
600499
600499
600499
600499
175877
175284
175877
175877
175284
832771
300118
300118
300118
832771
830946
2349
600226
600267
2734
2084
2084
2084
2084
2084
T00388
T00388
300342
300342
300342
122668
122668
122668
2059
2059,112250
2256
546
827
831323
966
601890
601890
124908
708
708
2550
300009
300009
300009
300009
无
300398
2030
300043
301106
600071
870003
605179
605179
605179
603517
无
无
600022
300031
300031
832542
600547
无
无
2714
300761
300761
300761
300761
676
676
300450
300670
300450
832065
832065
832065
832065
2211
300285
300285
600372
688316
688316
无
无
152414
300728
2912
2912
300197
无
2586
569
2357
2357
569
603355
603355
603355
603355
603355
871060
300753
2637
2411
2239
无
688529
600104
2708
688529
688529
716
716
716
716
716
无
688289
837490
688289
605589
688289
无
876
603151
876
603151
603151
无
2079
831447
2079
300790
2079
600526
600526
835112
838396
600183
672
831245
831245
803
301163
122219,600589
122219,600589
122219,600589
652
838356
688265
688265
688046
688046
603259
834879
834879
834879
834879
601860
832302
832302
832302
832302
832302
301178
831513
835236
T00520
2054
200986
2290
200986
2290
127280



300215
601609
300926
600653
600653
600653
600653
834340
834340
834340
834008
300393
603993
603993
603993
603993
603993
837221
300422
837221
837221
300422
2411
2409
2409
2409
2409
2654
2654
2654
2654
2654
870377
833270
2186
2186
430719
无
300933
300933
300933
188461
185114
163249
163371
155782
600100
T00084
600242
600242
411
603668
411
300490
836098
185625
184209
184114
2654
2654
2654
2654
2654
600022
2713
600674
928
2034
521
2366
521
2366
2013
无
603680
603680
603680
831941
600099
无
2610
300343
300343
300343
300343
836214
836214
605389
605389
605389
无
600120
2061
600070
2702
2702
600104
601177
600104
559
559
430189
430189
430189
430189
430189
403
837405
2756
688701
300151
无
无
无
600765
300129
603339
300262
300402
832762
300377
19
839030
300071
2655
870604
973
300833
605138
无
无
605196
1208
1208
870373
870373
300551
656
600111
656
600111
836506
836506
836506
835082
2782
600350
600350
498
498
498
601226
600320
2483
601226
600320
603998

913
886
886
527
601877
527
527
527
无
605196
1208
1208
605196
831571
603601
300056
300056
300056
300929
601005
601005
1053
1053
601005
无
300748
2645
300748
2645
600259
2176
2176
838896
300340
300727
无
152155
188322
163876
175484
175205
无
600330
600330
600330
801
600330
601369
601100
601100
601100
601100
688363
175235
175773
175945
143657
831287
407
831413
688105
688105
605196
605196
2471
2471
2491
600290
600290
831542
600290
600290
无
833101
833101
833101
833101
833101
无
32
603680
603680
603680
603680

832217
601226
122452
122461
600730
430005
430005
2256
603311
801
300073
601208
731
601208
2534
2630
605580
600273
672
300597
300597
300597
300597
300597
无
601727
688660
601727
601727
2451
600302
600302
600302
600366
600366
2139
2139
2664
2664
600545
830792
600022
835503
688700
600022
605003
605003
605180
605180
2411





无
153
600557
603456
600557
688488
600243
603883
600243
603883
601113
300162
300162
833398
300162
838802
无
830979
830979
145754
145393
145393
300237
300237
300237
2503
300237
300064
688
300064
T00087
300064
300243
301237
301237
2768
832446
832268
832268
832751
300871
300871
300529
838727
834464
603363
600298
600872
600872
600872
600872
600872
152304
152021
124567
127506
605088
430348
430348
175795
175795
185988
无
600844
600844
600844
600844
600844
838622
603358
838622
788
300032
603088
300580
300580
603088
688669
无
2493
603129
136750
143190
143027
无
600858
830938
833938
600297
600297
600262
300818
200706
600320
600320
无
603332
518
603332
603332
300522
836446
300978
300800
300103
300103
2172
603883
2589
2793
2262
300055
430257
870852
300055
300055
600862
600862
600862
688617
603301
300482
300482
301199
2026
600262
836024
837958
836024
870768
835416
600217
600217
600217
600217
600217
无
127585
127667
603178
603178
152315
831976
831976
605222
605222
605222
921
921
921
921
921
2065
688588
600571
600571
600571
834312
600978
300749
2757
832588
831981
832101
300419
832101
831981
300423
300423

T00602
300423
无
338
338
831714
900953
836734
2441
300459
600113
600113
600113
601777
688596
688596
601777
605116
127345
127345
127345
127345
152563
300086
876
876
2437
600671
无
2615
2756
2615
2615
2756
600525
600525
600525
600525
600525
600486
127345
163582
2109
832540
184602
184151
430381
185060
152449
2085
127405
831978
601882
601882
无
无
300678
300678
300678
300678
300678
300743
688686
688686
688686
736
无
2692
600572
600572
831298
2411
839448
839448
839448
839448
839448
2671
2205
2205
2205
2205
430312
430312
430312
430312
430312
837451
837451
832141
837451
600300
870365
603326
2671
600444
600401
835245
2393
2393
2393
603421
无
无
2576
2576
600522
2576
2121
301075
301075
600108
600108
301075
600862
600862
122935
600765
300280
2930
300528
532
532
300528
无
无
无
无
300492
300492
512510
512510
512510
300360
688690
688690
688690
688690
2234
694
578,000579
1155
655
无
300262
300105
300262
T00093
300105
838043
838043
600053
600579
818
629
831573
2978
2978
960
600287
300160
300160
300160
600919
656
656
656
688663
656
688002
300223
688002
600784
688002
无
2028
2028
2028
2028
2028
837046
603861
603861
2514
603988
2348
688669
300599
300599
600323
600499
672
600176
600499
600176
无
603063
2727
2727
2727
603355
832043
832043
832043
832043
2265
546
546
300487
546
830988
2540
688231
2471
2540
633
870170
545
831349
836890
836890
无
603191
301120
603191
301187
301388
无
600349
600349
831615
600111
831615
2176
600232
2176
605138
2404
无
300100
831547
831547
831618
600960
无
1133
1133
1133
1133
1133
833118
301335
2919
300673
870363
2545
2545
2359
603577
2359
601008
601008
601008
601008
601008
727
601222
300128
601222
601222
835751
2011
2011
301018
301018
831816
831816
831816
603322
430705
833015
833015
835575
600667
833121
425
3025
425
3025
3025
300644
300644
300644
300644
300644
136348
163209
163421
163421
163209
2145
2145
300128
831530
2145
832079
600746
600746
601933
2483
无
507
507
839186
507
507
300309
600180
600180
600180
600180
430474
834244
834244
831290
834244
600783
603331
603320
600766
837921
833040
833040
601700
601700
834296
834432
834432
834432
300269
835719
600498
835486
835486
600654
831213
无
无
300390
300390
300390
300390
300121
830802
300742
2765
2765
2164
2290
2290
600021
600648
600648
835348
T00520
T00520
300409
300409
600398
600260
600398
600398
600398
831356
831356
300157
300157
300157
830978
830978
830978
830978
830978
301137
301137
2877
2877
2727
无
838746
603838
300639
836293
832599
605006
163256
600315
836258
T00461
无
603028
657
600273
545
600100
837715
837715
672
870548
600875
300190
2680
835694
2680
2680
688091
600848
603711
569
569
无
831846
831846
603906
600517
300157
2683
2683
2683
2683
600373
2144
837888
2144
605180
605180
831175
831175
1330
300339
300339
832322
832322
833411
832322
832322
603045
603045
601877
411
603811
831784
300537
300537
300537
300537
2009
603060
2309
688352
688352
837508
301132
301132
688283
301316
688663
603906
603659
603659
603906
605006
2157
163692
163399
605006
无
831143
832675
600798
2745
2745
2383
2383
2383
2383
300279
152873
127323
185352
152872
127381
601069
2505
688
834033
600482
300507
605116
605116
605116
605116
430713
430713
430713
2574
839634
无
600098
600098
600098
600098
600098
无
2184
2184
832605
300118
2184
无
无
834570
902
902
902
902
2545
958
600444
2545
2545
300033
300033
300033
2517
300033
无
2919
300550
300550
837397
300550
300022
830961
300021
836024
300022
601700
300326
300013
300013
300013
603363
603363
834235
603363
603363
600515
600515
603630
727
300030
无
600510
600510
600510
600510
600510
300490
3021
603109
603109
603109
36
36
36
36
36
688503
688503
688503
688503
688503
672
833444
833444
833444
688639
831267
831367
300973
300973
300973
无
300292
600074
300332
300002
600289
625
833305
601186
2316
603300
无
无
2076
2076
605118
603297
834631
无
无
124717
184182
152850
152315
152345
600171
777
777
777
777
688522
600562
603005
300177
834914
2942
826
826
2942
2942
831320
831320
831320
430671
835990
600022
838898
836200
600217
600217
833682
833682
184089
600281
163852
无
2258
688084
688084
603126
603126
300188
300188
300188
300489
300188
300498
300498
300498
300498
300498
600581
600581
835194
835194
835194
2265
2265
2265
2265
2265
600468
600468
836139
836139
657
152304
152021
163446
175429
2529
836744
836744
532
833813
300649
2326
159
159
2011
2011
603186
836683
2324
300644
300644
603659
603659
603659
603659
603659
300297
300297
2060
300297
300297
601608
600320
600320
601989
600320
300042
300229
2841
578
2579
300117
300117
300117
300117
300117
无
300118
600288
300068
603883
300439
300217
603578
603578
300217
300217
无
2512
2512
300598
300379
2512
600255
2348
832424
600255
603995
603680
900950
600094
188533
188055
300148
300148
300148
430120
300148
300447
T00588
300447
2480
T00588
无
688265
831775
688265
600226
831775
无
175186
163425
163424
600270
600270
2399
2399
300731
2620
2620
835849
600606
127168
124006
124006
600881
600881
600881
600881
600881
831950
831950
831950
831950
603703
2021
831542
601799
657
605298
425
300507
834000
T00571
T00431
无
837234
837234
837234
837234
600869
无
300263
188729
188487
188487
300263
835563
300082
832856
430226
600871
688213
300289
688213
688213
831532
603348
603348
35
35
832154
410
2179
2179
600765
600523
无

45

600871
45
838586
603356
603356
300694
838586
2348
300448
300419
300448
300607
832473
301336
600398
600398
833267
400013
400013
400013
400013
836035
300806
300806
2074
600584
300286
300285
300285
430714
2156
837262
1269
688
834186
834186
603876
无
2512
300882
300745
300745
837408
300221
2981
300221
300686
300285
2411
2809
603823
600019
2753
832089
832089
832089
300806
300806
2735
2735
2735
3013
2735
603269
603269
603269
300319
603269
300622
300622
300622
300622
300622
139086
139087
139087
139086
139086
300425
300425
300425
300425
300425
124254
124957
175294
122676
564
430761
430761
430761
528
2773
无
300044
300044
300044
300044
600410
300410
830845
300471
300471
300042

600988
835758
T00364
600988
838726
301078
600234
600234
2888
300185
300185
300185
300185
820
603517
603517
603317
603317
603317
无
834305
600667
300495
600667
300495
无
833930
833930
833930
833930
832688
300366
300592
2587
2329
603042
732
122712
300353
300353
122712
无
2270
2270
2270
2833
2833
777
792
603699
603699
600157
无
185160
188457
188641
188870
833571
600146
600146
600146
600146
600146
600406
603026
600008
600586
603026
无
无
603610
603610
603610
603610
603610
600890
600890
600890
600890
600890
无
989
989
989
989
836634
2024
2011
603339
600346
2024
2946
2946
600039
600161
600161
833136
833136
672
300080
300080
600330
600271
2052
2544
2544
601989
601989
T00541
600256
300471
603800
152315
127871
188688
188688
833434
833434
833434
301283
833434
600389
831540
672
836221
836221
831528
300479
300479
2226
2226
835560
835560
835560
595
300391
无
300151
2992
2992
163805
163801
838104
838104
838104
300083
603283
2948
600690
300456
600008
601298
无
无
600555
831562
2775
300237
2717
无
831145
603010
603010
603010
603010
831210
301030
832004
835710
600268
无
601128
601128
601128
601128
601128
300518
838336
T00581
T00581
870820
831399
2676
2676
615
400041
300372
300372
300372
300372
300372
300418
300418
300418
300418
300418
300818
831169
831169

951
603200
300701
603200
603200
839544
835302
835582
600741
835302
835582
2348
3035
430440
838295
603848
无
124378
603199
603199
127095
603199
831008
600654
834772
136821
600191
831176
831176
831176

300654
569
569
832538
569
175159
410
2298
838327
2298
838327
无
无
600336
876
300594
603639
2111
300511
300511
688317
688317
688193
124349
657
603960
657
2039
688399
300030
300238
300238
688426
425
600218
837453
831952
838958
无
无
603218
603218
603218
603218
603218
无
2571
601330
603150
601330
601009
837547
837547
837547
688051
688051
无
600021
300266
300022
600021
300266
600803
600803
600803
600803
600803
601798
601798
601798
601798
601798
300168
300168
300168
300168
603529
无
676
2559
2559
2559
2559
300673
603883
835665
300673

836841
603301
836841
836841
603301
300285
2564
2564
300405
300405
300362
300413
300413
300413
836234
无
600587
600587
836110
834423
832369
600715
600715
600715
600198
600198
2272
2272
2272
2272
2272
无
300580
300580
831779
600827
600527
656
656
656
656
656
2323
2323
2323
2323
2323
138859
833537
152345
152315
127871
无
T00274
300217
300217
300217
300217
无
2496
2496
600713
430236
839063
832293
834882
603787
301078
301078
870805
155298
748
601728
300096
831387
831387
830
600532
835503
2553
2553
2553
2553
2553
430610
430610
430610
834876
430610
300365
300365
600169
300185
736
2348
831371
831371
1322
838702
600501
600501
600501
600501
600501
300056
300056
300056
300056
300056
2979
2979
2979
2979
300831
2364
2266
603693
2120
2126
2366
601985
2366
600023
2366
600008
600008
688096
833
833
无
2427
300930
603616
835150
600782
521
600889

300826
300826
无
无
2963
600067,733067
300338
2439
T00339
600350
831600
600388
603797
831600
无
无
600858
600858
688536
688103
600858
无
无
834822
18
833709
300899
300899
803
803
600502
603551
603551
无
939
600710
600710
600758
301029
无
无
900953
301137
600710
900953
300196
688066
832135
832135
948
832135
600596
600596
603022
2756
603300
831519
831519
838443
2366
2366
832766
300568
300568
300319
832766
834009
834009
603122
603122
834009
831387
831387
831387
831387
831387
600501
600501
600501
301063
T00215
301029
300822
300822
870336
301029
300599
300599
300599
2694
605090
300217
300217
600131
300217
688272
838261
830954
601800
836481
T00231
301388
300482
300482
657
2526
832231
832231
2589
832231
430312
430034
2157
300381
2714
2688
无
600729
716
600729
2549
918
2898
688119
688119
527
688119
300342
T00388
300393
2160
300342
600343
600343
300145
545
430652
2448
600178
2026
2283
600282
2576
2576
2576
2576
2576
600984
600984
600984
833771
528
2483
603956
601168
601168
603956
无
930
301058
930
2470
2470
无
无
无
300857
2203
605589
605589
300083
835740
2616
2616
833743
835740
112300
112300
300249
300249
300249
600093
600093
600093
600093
600093
688616
688616
688616
300249
688616
600499
600499
600499
600499
600499
1330
2671
300258
300258
836939
688004
688004
600584
600584
688373
2659
2659
2659
300095
300095
2343
2343
2343
2404
2343
300037
300037
300037
300037
300236
603033
603033
601118
300587
2263
605589
834812
834812
605589
834812
656
834886
600327
961,112325
600327
2024
2024
832739
832739
600167
1893
1893
877
1893
1893
无
600143
124428
539
2060
600499
832141
832141
300929
832141
832141
无
无
300631
600746
2015
2015
600704
300110
300121
300142
2294
300142
2198
2198
2198
600594
603998
2240
2670
2348
2670
2670
无
无
600758
831701
603299
603299
603299
838320
838320
603610
603610
600488
605100
605100
605100
2953
2530
无
833577
2545
2545
835787
835787
603060
831446
831446
T00442
600201
267
708
708
708
708
925
2095
600797
300038
607
无
605196
1208
1208
832298
605196
600714
833180
833180
600988
601028
无
601168
601168
838690
300091
601168
无
688425
688425
688425
688425
688425
152013
152013
600435
600128
836126
2088
600919
600282
600919
600282
600561
600561
600561
600561
600561
2328
2328
600614
600614
2328
600705
188053
163978
163125
163661
2102
973
973
973
973
601118
601118
601118
601118
601118
600811
600811
600811
600811
600811
2471
2471
2471
600869
600869
600582
600582
600582
600582
300388
无
688
300174
688
175726
175727
2024
601877
601877
605336
605336
603333
603333
603333
603333
603333
902
300623
600122
688053
430043
831109
871055
300238
2239
300381





600239
600239
300439
600491
301152
600475
605319
605319
605319
605319
601008
601008
601008
601008
601008
600332
300194
300401
300194
T00217
507
532
532
832493
507
600883
2475
600883
688567
2475
300653
300653
300653
300653
300653
600836
600234
600234
600836
831205
60
65
65
60
65
833040
833040
2358
2358
833040
2061
603995
T00664
601168
838672
603817
600526
603817
603817
603817
600526
600526
600526
600526
603177
无
无
300222
300222
600023
832477
2506
600201
600201
600201
600201
600201
无
420
731
600678
912
300022
688388
300530
688388
300530
300530
无
无
834559
2684
2684
2684
2684
2066
2091
2091
301229
2091
2011
2011
2011
834565
2011
1235
1235
300201
603869
603869
688166
603367
300110
603367
600267
982
301066
301066
301066
600435
2071
900956
900956
2071
2071
143544
163044
163852
143751
532
600501
600501
600501
600501
600501
2126
2126
2126
2126
603323
519
519
519
519
519
无
122497
122498
601022
200992
200992
2052
2121
300232
300134
430467
688211
688211
688211
688211
832668
688211
688211
688211
688211
688211
300487
300487
300487
300487
300487
无
2124
2124
603588
300422
300422
300345
833022
300345
870370
833022
600552
835652
600876
600076
600876
831294
600579
928
834506
T00381
600209
600768
870342
837604
600768
834410
2606
2606
834410
831892
无
2662
913
913
2662
2472
600828
600828
600787
603836
2780
122535
122535
2239
2239
2239
832125
832110
837881
836304
832110
600282
600282
600282
657
657
无
无
136842
136842
139003
139003
136842
831244
834238
605358
300131
600435
837943
600781
600781
600781
600781
2849
2849
798
798
798
517
517
517
517
517
836038
831566
300528
300528
300528
600528
601390
601390
601390
601390
410
600377
200706
830802
601618
836780
300059
300059
600066
300059
3125
688211
600759
836769
832176
2793
2793
2793
2793
2793
601702
603987
601702
601702
603987
600111
600371
657
833761
2464
688585
430068
603333
617
300446
300795
2051
301156
300158
301149
300247
600377
2996
300982
300982
832089
2089
2172
600220
2183
无
600594
600594
600594
600594
600594
无
2183
688529
2797
2797
603280
无
T00261
T00261
831224
688321
688321
2271
2492
652
600486
600008
603909
603909
603909
603909
2183
无
无
300777
300070
300070
300070
300777
600073
600073
600210
122043
2735
300121
601118
300121
300121
300121
430381
163779
163779
188345
2989
601028
2619
2619
510290
559
300889
603007
603007
656
656
601877
493
493
493
493
870792
870792
870792
870792
2130
300022
300022
300022
300022
300022
无
600064
601009
600064
925
600979
无
600881
600881
600881
600881
63
688099
603895
835696
603813
837024
2187
600332
837177
2183
2433
无
175112
188112
175112
188112
2722
430738
123009
430738
123009
2043
300656
60
838719
2203
2197
567
567
659
600189
430430
600410
600410
600410
600410
600410
605389
605389
605389
605389
605389
621
621
621
621
621
838615
838615
605337
605337
600837
605020
605020
605020
605020
835011
124530
603883
152345
603995
603995
833695
833287
2226
2226
2226
无
300439
300396
300439
300439
300439
833624
833624
833624
833624
300026
143340
143526
143526
143340
143526
无
无
2348
600409
300080
600894
902
300331
300331
300331
300331
831166
600100
688589
990
688589
688589
124501
300317
139317
139316
124552
无
430029
834319
600978
600978
2759
300218
300218
300838
837454
300901
300242
300242
163316
163722
163315
833593
716
838260
2696
2696
2259
423
600518
423
600062
127629
127552
127629
127552
300998
2169
300166
38
300366
38
301290
136272
688166
301267
688166
816
816
816
300430
816
832049
832049
600526
688737
600526
无
175934
175934
115101
115101
115100
300844
2875
300182
300085
2528
756
300110
2581
600332
430620
无
无
2341
2341
688186
688186
688186
833481
603666
603666
603666
605128
2129
2129
830847
2129
836724
973
600020
603298
603298
603298
600557
2082
2082
2082
2082
688307
2189
2189
835652
300472
300247
1296
1296
600862
603928
无
600839
600839
600839
600839
600839
124088
124480
124088
124696
601727
150028::150029
165511
159902
159902
165707
300156
35
2239
2239
2239
10
10
839561
2758
2758
600352
600352
300316
300029
2272
无
800
188479
188691
188692
838104
2348
2632
112345
2732
838213
601089
601089
600535
600535
600535
600378
600378
300342
600378
600378
无
600177
600177
300261
600177
600177
301138
301138
301138
301138
973
无
600818
838348
600818
600818
600818
688317
688317
300511
688193
688276
601727
601727
688681
601727
688078
873413
873413
873413
871047
833630
300280
833567
600320
688558
300280
600481
600031
836109
584
688381
300325
600112
300325
600112
300325
无
600482
600482
600482
2065
152352
300233
300233
300233
300233
300233
603936
300305
300305
300305
300305
688166
688166
430668
600833
600196
838468
870757
430279
430279
430279
300836
300836
831070
600072
600072
无
831263
603161
603161
831263
603161
无
833040
833040
837195
833040
300376
无
688557
688557
688557
688557
688557
900939
834767
900939
430539
910
600767
600767
605088
607
607
无
300902
837986
600745
300479
300201
124088
124696
124480
124088
124696
2605
833482
T00578
833206
833482
无
600532
600532
2073
600532
2073
无
430482
430482
430482
430482
430482
无
2747
2747
2747
2747
2747
152315
152345
127871
152161
155870
788
122855
122855
122855
122855
600565
601208
600466
2274
600161
301137
122641
122954
570
900950
600064
300172
600064
600889
600775
无
无
831649
833600
2140
600486
300135
300057
603179
2182
2619
300265
832550
9
601611
300930
127506
111055
111055
300933
2471
300933
600928
600928
300302
600928
600928
603201
603201
2639
301010
603356
908
835815
836804
300249
600858
2223
2223
2223

2223
600481
600481
600481
600481
600481
601168
603135
603135
603135
657
无
603321
300338
430431
430431
832184
831849
136348
767
301127
185349
838615
838615
152848
152848
184417
无
834018
425
139316
139317
124552
无
无
无
688234
831261
688234
831261
831261
836746
688158
688158
688158
688158
600255
600255
600255
600255
601609
568
568
600378
568
568
无
无
603228
603228
603228
603228
603228
300185
834151
833718
833718
2026
2384
2384
2384
2384
2384
603669
600239
600970
2282
1893
838385
835910
688234
2514
688234
832229
688011
688011
832229
831237
无
729
600594
600594
729
729
820
820
833548
2424
2424
无
无
2266
2860
603153
300090
300090
600579
600579
300370
3004
3004
无
300124
300124
300124
836443
300713
2348
832213
717
839168
300530
833131
2706
603195
2364
839353
601222
601222
2201
601222
601222
831932
831932
688685
2669
2669
无
603829
603829
603829
603829
603829
184410
672
834757
834757
600151
831231
300030
836578
831231
831231
2382,002381
2074
2074
688373
2074
600565
301003
600565
601512
301003
830945
830945
830945
830945
830945
无
2164
605555
2021
2048
600366
152706
428
2259
2259
428
122714
122714
122714
127323
600318
2319
2319
300973
300053
300053
833021
831400
833021
835399
833462
无
无
155811
163120
136117
2514
2044
603013
603013
603013
603013
603013
603358
T00295
300258
425
300258
837595
600162
600162
838463
2413
601
2543
2543
2922
2543
无
831589
831589
831589
831589
831589
688218
2150
2150
2150
2150
无
124968
603299
127405
603299
603299
无
600378
600378
600378
300712
600378
2748
834825
605008
605008
603995
603507
600481
600021
600481
2755
136117
603158
603158
831846
603158
833778
833778
600022
833103
600022
834196
139132
127774
836053
300079
2689
2689
2689
2689
2689
2723
2663
2663
2325
2325
2026
2026
2026
600455
833108
2546
2546
2090
2546
2090
无
603090
603090
603090
603090
603090
无
600487
2708
600487
2708
600487
430635
430635
834718
2516
300306
600885
600885
600885
600885
600885
688388
688388
688388
688388
2869
301206
301206
833254
2890
833254
600741
837556
831176
831176
832119
430535
600251
430437
430437
430437
833450
833450
833450
600482
601989
600377
600958
838569
811
811
300393
603661
839258
300417
300417
无
无
159905
159905
159905
159905
159905
无
300725
833779
833779
601928
601928
300203
300203
300203
300203
300203
无
无
601231
300661
300782
837720
600282
无
3033
834507
803
2768
835696
834454
834454
528
601100
832700
无
831855
410
2664
2664
301368
300777
300777
300777
300777
300777
无
981
981
981
981
981
625
831296
300116
688169
688169
600169
300280
300280
300280
300280
600684
600684
600684
600684
600393
688278
836889
836889
2178
2565
300270
430394
430394
301325

2239
2239
300909
600151
136989
2202
2208
832390
2202
2202
无
300332
300334
603366
300334
688101
2366
2366
2366
300820
600875
无
300303
688025
300303
603773
300303
无
600572
600572
600572
600572
836883
无
611
611
600010
300053
300053
832605
2176
122714
127323
122714
2684
2684
2684
2684
600843
2073
2073
2073
2073
2984
无
1211
831633
834058
301345
2503
无
792
792
300961
300961
300961
2127
2127
2127
838518
600868
300664
300664
300664
300664
300664
无
无
无
603613
600212
600212
600212
600212
600710
5
5
163033
175319
无
2350
834164
688515
2285
137670
200706
600297
2554
301158
301158
无
无
无
300666
300666
603861
2092
603861
无
600883
600883
600883
600883
600883
2349
603968
2652
2652
657
611
300292
688158
2510
600887
300660
300660
T00850
603179
603179
无
603299
601928
603299
603299
603299
834574
832554
833508
601
600496
300196
300196
786
300196
786
830806
830806
831054
835300
836766
300080
838555
300836
831510
688103
605128
2536
2536
600271
300938
2675
300970
2675
2675
2675
300031
601168
601168
300721
300721
601689
832363
300076
835941
2473
无
2485
300409
300409
300840
300409
无
300462
603300
300300
603222
300177
600346
2074
600346
600346
2015
无
600319
600319
537
688613
300266
300044
300044
300044
2912
300044
833927
688239
2792
688662
688239
600017
600017
600569
600017
600569
603529
603529
603529
603529
603529
300324
300324
300324
838723
300324
603016
603016
2927
2927
832970
无
603939
600633
603883
600827
601018
830783
2348
300415
830783
300320
603501
831278
300554
300554
300554

T00701
300978
688662
2348
无
2338
2338
300177
300227
300227
无
无
834475
870456
834475
837244
832213
无
无
831284
2141
2348
831284
2975
600480
672
657
2423
2423
无
688301
688301
430055
430055
T00320
无
935
935
935
935
935
600925
600925
600925
968
2439
无
无
430764
2506
2506
786
600415
300304
300304
300304
300304
300304
无
430050
430050
430050
430050
430050
603258
2329
2485
2591
2439
601989
601989
601989
601989
870373
300070
300070
300899

1217
无
601928
600797
2439
300367
2491
600099
600099
600099
600099
600099
无
无
无
603011
603011
300258
300280
2937
601128
2503
551
300130
603889
833654
833654
300670
837768
600710
无
无
无
无
300507
300507
600006
300134
605228
301175
600526
603680
603680
835231
无
832330
672
300325
300325
301012
834615
834615
600966
600966
555
600076
300596
603629
600076
832346
600765
600765
600765
600765
600765
300855
832729
832729
600869
2160
680
680
680
680
680
2931
2931
300363
300363
603095
425
425,112055,112124,112312,112462
425
T00253
837339
835195
423
835641
831261
831261
870728
870728
300836
2676
831110
838879
600185
600081
838879
600185
600537
600487
600537
600487
688011
2246
2246
2246
603757
2246
无
600522
600522
600522
2411
600522
733
600549
600549
600549
600549
300165
830992
601216
300091
300471
200706
188938
185465
188938
185465
300258
300258
834876
300670
834876
300098
300478
300098
559
300478
2179
2357
2179
2179
605058
636
300457
300457
301030
870809
603568
603568
603568
603568
603568
600745
300731
2427
603219
603219
300345
300345
2986
600370
600370
无
603331
603331
603331
834471
2376
300340
300340
2092
T00232
T00232
300384
300384
300384
831406
300384
600227

600500
600500
600500
600319
822
600319
T00765
600319
无
601966
601966
601966
601966
601966
2588
2588
2588
2588
300970
600444
600444
600444
600444
600444
830906
603601
830906
603045
603045
300450
831031
584
603895
301112
2483
2408
837127
300262
300266
301196
301196
688212
688212
832540
175330
155458
601828
601828
175753
2054
300429
300495
300429
2438
2521
137784
155271
163115
2282
无
2190
T00547
928
301195
301195
无
830901
830901
830901
830901
830901
300999
603822
2637
2637
600238
2104
2185
300855
300855
832393
300169
300169
300169
300169
833620
300444
688165
300443
300443
600406
300278
300278
564
600520
601717
301
301
301
301
301
603297
600290
600232
603008
603008
2019
2019
2019
2019
523
300761
300761
300761
300761
300761
600078
600078
600078
600078
600078
600757
136531
600510
122336
600273
300041
833232
833232
300785
300785
无
无
无
688419
688419
T00588
600579
600579
835711
832369
835711
300511
300511
301092
301092
837767
837767
837767
688331
688331
688331
688331
688331
无
无
2318
2318
2318
2318
2318
600312
600517
300141
600517
300141
2359
2545
600129
2545
300123
无
无
2749
600229
2749
127627
2749
600835
601279
600067
600835
603111
831069
300145
300145
832908
300145
300737
300737
300737
300737
300737
300141
300141
300141
2787
2787
300279
300140
300279
127554
837
无
2553
2553
2553
2553
2553
603968
300927
600389
300927
139068
300598
300003
2987
2987
300003
601218
600282
430748
430748
430748
2254
2254
2254
2254
2254
2053
300897
300498
122630
2053
601233
300128
2793
2793
300128
无
300510
136807
833513
136807
838232
837772
837772
300356
600105
835192
无
2183
835647
430210
430210
836654
601113
703
703
603055
703
880
880
880
185179
185001
895
722
600727
600727
300063
835480
300100
603013
603013
603013
300397
835179
870623
870623
1269
2130
831474
831474
2130
2130,101651,112239
835560
300391
300393
600729
600729
2438
127418
2438
35
35
无
870170
2455
2455
600226
2324
600053
600183
600053
2167,112110
2167
300495
2930
600228
2665
600501
无
603021
600022
600022
600350
603021
600378
600378
600378
600378
300853
160809
150108::150109::160809
160809,150109,150108
150108,150109,160809
150108::150109::160809
603693
603693
184059
603693
603693
601218
601218
688186
601218
601218
603126
603126
603126
831485
831485
300196
300196
300196
300196
300196
969
2579
2579
832311
300184
无
600955
600955
600955
603937
601058
836825
301158
301158
2064
2064
603829
2976
600398
603829
603829
600610
672
300958
836744
836744
634
634
634
634
29
127510
152860
600072
600072
600072
600526
600526
600526
2451
601618
无
839345
600409
830839
2645
2645
600105
600105
600105
300450
300378
无
603766
300596
2495
2495
2495
430397
2680
2680
2680
2680
2483
300442
300442
300442
300442
无
2272
600010
837224
688062
603716
184713
600022
600022
184712
2248
无
300224
300224
300554
834828
834828
2348
835135
300025
300025
300025
958
301163
301163
601222
603530
2449
2449
2409
2409
2409
831374
836428
831522
831522
833946
无
603053
600674
600083
300051
300548
2348
400036
833635
400036
527
无
无
603055
603055
605158
603186
605158
838796
837928
834164
688219
688219
2816
832018
2816
2816
2816
T00598
523
600977
600744
767
831279
832065
831279
832065
832065
188457
185160
188870
188457
188641
837059
837059
837059
837059
837059
136348
163209
163421
163421
163209
300617
2684
300617
300221
600732
833133
2475
2475
832344
2475
600476
600476
600476
600476
600476
300402
600282
300172
820
820
600157
600744
600744
600068
600068
127047
836111
175159
127047
138517
2697
2697
2697
2697
603035
无
600855
600730
600855
600855
600855
833749
833749
143139
300490
300338
600860
831238
122535
832528
2411
836032
836032
600970
600970
600970
无
2449
600487
600487
533
2449
688226
600290
688226
688226
688226
600312
600312
600312
600312
831921
600556
600556
600556
600556
600556
300183
836899
688698
2639
2639
无
666
831908
831908
835517
837298
600805
837184
837184
837184
837184

2747
2747
300118
2747
300510
300510
300510
300510
300510
600088
600088
600088
600088
600088
300029
600100
2745
300274
833786
1322
1322
1322
1322
1322
600155
600155
2660
600155
603300
无
832426
832426
832426
832426
2750
301127
600283
2779
2779
2632
无
无
无
851
2587
300531
430296
300487
603063
603063
603063
603063
603063
300450
831031
300450
831031
584
603111
300032
603111
603111
600388
603811
603811
603811
603811
603811
2514
2514
2514
2514
2514
600741
600741
980
600741
600741
无
300511
300034
2984
300511
300034
838109
600579
603501
603501
603501
605196
600487
1208
1208
605196
2471
831245
831245
834394
834394
无
832472
832472
832472
839934
839934
889
889

889
889
2747
603111
603111
2747
2747
无
600875
767
35
600220
2513
无
831421
831421
831421
2348
2727
2468
2468
832824
2795
2795
2130
301196
831474
2130
2130
无
834296
300116
300116
300116
300116
300875
710
603100
300165
603100
400007
2074
2074
2074
2074
2011
835815
826
2011
2011
1253
2256
2430
1253
603998
705
300009
600226
600226
300009
600200
600200
600200
600200
600200
605337
605337
834693
600744
605337
300651
300651
300651
300651
300651
无
600798
600798
603117
603117
629
601609
601609
601609
601609
601609
600682
2102
301188
600556
603157
603055
603055
600626
603055
603055
835343
835343
835367
757
757
600137
603168
600137
600137
600137
2413
300978
837059
837059
600006
838951
603222
300596
300398
605008
无
3043
835569
870469
300670
688533
2483
300402
300346
300123
300228
836338
2559
600513
600871
2559
703
703
703
703
703
603617
603617
688032
603617
603617
300292
600006
300292
511
831978
600292
430412
600292
430412
600614
555
555
555
555
555
400012
600575
301217
301217
601778
无
301129
600169
767
833481
833481
无
600520
300280
603348
301268
836362
834373
834373
834373
600071
300680
无
300178
2530
2530
2530
300178
600282
837167
600282
688260
688260
2025
600854
600854
2024
600854
600371
200706
908
603956
600766
无
601609
143128
143129
601168
601609
无
无
605268
870755
870755
605268
605268
835372
835372
834286
300326
2671
138610
155549
175986
152555
163161
688293
833022
833022
833022
2026
603577
603577
603577
603577
603577
600236
736
300616
600476
409
2395
430683
603015
831147
603015
852
852
852
124986
852
无
无
833548
832566
836422
836706
836706
816
137790
200706
137567
600805
400036
603150
301135
2543
967
300169
300236
300169
T00200
300169
600122
601928
4
4
4
300596
300596
300596
300596
300596
无
835269
835269
600521
833032
835725
无
无
无
无
无
2228
2228
2228
2228
2228
300280
300280
300280
300280
836023
2483
2483
2483
2483
603158
300933
834969
300933
300933
300428
835767
2157
2157
2157
2157
603661
603600
603600
603600
603661
T00162
300119
300119
300119
300119
837745
961
961
2427
603030
601226
601226
601226
601226
601226
300717
300717
2091
2091
300717
600388
600388
600746
600287
2044
688560
600433
600433
600433
600433
659
659
659
688669
2102
831261
152944
831261
831261
184665
603927
603927
603927
603927
603927




136842
603606
603606
603606
603606
603606
836978
836978
836978
833771
836978
688178
688178
600287
T00760
300610
600901
688218
600901
600901
603097
无
605589
605589
838855
505
505
603026
519953
603026
603026
603026
无
600705
300912
152973
184295
188946
831784
831784
831784
831784
833980
无
708
708
600019
300004
300004
834229
834229
688580
688580
601567
600671
430065
430010
430522
430092
无
603035
603035
603035
603035
600183
961
300140
961
300140
961
无
无
无
2091
688017
301238
2960
2938
300885
300885
300885
837956
600072
300441
300441
300441
300441
2900
605287
832076
600690
838969
688309
603057
603057
603057
601860
603057
无
672
2411
300265
300265
300265
2624
2624
2624
2624
2624
300280
188903
163421
163209
136348
836523
836523
300099
836552
601666
2010
2010
2304
2304
3036
832600
832600
605100
605100
786
无
605008
152477
152477
152379
152379
830857
2915
300441
2915
2915
2756
603789
835401
835401
300425
无
无
无
2963
834029
T00818
300650
834029
603956
958
836970
836970
2645
697
697
697
697
697
136138
152414
600268
760
136138
185374
185372
300347
2077
185374
无
无
无
603089
603089
603239
836203
603239
2330
2330
2330
601058
2330
2124
2124
2124
2124
2124
838880
910
603067
600367
300261
836951
2611
300173
2670
300173
300256
300701
300701
300256
2026
831715
2175
2166
838047
838047
152315
127871
152345
143324
143324
837564
837564
600422
657
2470
无
无
无
无
无
2553
2553
2553
2553
2553
无
832356
832356
136031
832356
136031
603516
603516
603516
603516
603516
无
831907
584
600588
600588
600588
600456
300402
T00365
T00266
832528
603025
603025
603025
603025
603025
无
601008
601008
830855
152030
832578
无
600377
300753
826
2324
122913
600372
163356
155890
155889
136559
300503
300909
300503
2426
300388
300580
870871
300580
300567
300567
2705
2705
2521
2705
2521
600499
600499
600499
600499
600499
300736
2531
2531
2531
2531
831874
184410
600805
603648
2091
2506
2506
2506
2506
2506
无
2073
2073
958
600587
928
2509,112467
2509
549
549
549
835162
600710
600169
835162
430320
1696
835279
603331

301317
无
600775
600608
600775
600775
600775
无
835407
835407
835407
835407
688395
300152
300152
300152
2858
150
688488
688488
688488
836154
836154
837059
837059
600667
833651
136989
600094
600094
600094
600871
831424
600584
603324
603324
600220
603876
无
无
333
333
2348
2668
832325
901
901
901
901
901
2506
300116
300116
300850
122519
2411
834810
603501
152947
600346
2997
2997
959
2997
2997
834217
834217
834217
2271
834217
430489
656
603986
603986
603986
300055
300055
300055
300055
300055
无
300637
300637
300637
300637
300637
836
836
836
836
600367
2719
2755
301116
2755
1256
834705
833050
688515
300479
688508
601989
600031
600031
601608
601989
300452
300452
600319
600319
600319
2290
600745
834955
833560
300093
603179
603179
831041
833602
833602
603151
603151
2157
2157
2157
2619
2619
2619
2619
2619
600100
2074
832154
2074
2389
无
831076
688678
688678
688678
831076
600891
600891
736
31
31
834450
2468
688096
2468
688096
430276
300897
300373
300897
603690
无
无
300946
300007
831512
830791
300007
603111
603111
600775
603111
600775
600812
551
551
551
688376
300802
300655
603052
300221
2079
无
589
834292
301282
301282
301282
无
184479
301356
301356
603661
127847
2610
2610
2610
2610
2610
无
300044
300047
833548
833548
300352
无
无
830887
300163
300163
830887
300163
无
890
657
301071
2740
2740
600522
603800
603800
300091
300004
2467
603559
603559
603559
603559
600712
603639
2696
600712
300999
185281
163551
188343
188139
185280
831876
831876
833566
600687
301057
无
603002
2249
831169
831169
2598
2216
2216
2216
2216
2216
600602
600415
600602
600415
600415
600987
672
T00842
300642
300642
无
603323
831589
836536
152345
127871
无
834475
600409
834475
913
600409
831932
831932
2669
2669
2669
833642
833642
833642
833642
833642
300631
300631
300631
2808
300631
301201
301201
301201
831096
301201
837656
837656
837656
837656
430473
834694
834694
301229
603355
603355
143621
300117
143621
600157
152508
无
651
651
651
600266
600266
无
300414
2972
2972
300414
832188
300447
657
600409
2171
300698
688321
688321
688522
688522
688522
300180
T00128
603192
2343
2343
300644
300644
300644
600775
300644
603788
603788
603788
603788
603788
2637
2637
831237
2637
2637
600233
600233
2400
603918
600233
无
2061
300410
603657
603657
688195
600973
39
39
152477
175924
300594
300594
300594
3027
3027
300780
430629
300780
430629
838495
300348
300457
2369
300457
300457
832082
832082
677
2783
600769
2083
877
519013
122417

无
2201
2201
301115
301115
2201
928
600560
601369
601369
2523
无
600758
139132
127774
688501
834422
2592
831748
2592
2240
2240
301226
837888
301226
603819
688160
835575
832705
835575
832705
603043
600730
600730
600730
600730
600730
831932
831932
601766
831932
601766
无
无
无
837459
300372
300372
1330
300372
834261
301149
839122
300343
T00416
300700
300080
300592
300592
300592
300670
300670
300670
300670
300670
T00610
300473
300473
T00610
833193
1238
1238
1238
300426
300426
834822
834822
600346
136211
136211
163446
143605
136330
143605
163446
300425
300425
603679
603679
300506
603667
603667
603667
603667
603667
无
300549
300549
300549
2595
300230
127323
413
600854
836739
836270
600346
600346
600346
600346
600346
652
833843
603013
300373
836683
836343
835808
937
836660
301097
1057
1057
1057
2703
1057
无
838954
838954
601117
605167
601117
300993
831686
136009
136402
136403
688080
835281
688080
430642
100
900953
666
657
900953
300709
603855
300706
300706
2565
2565
600277
600277
600277
10
430686
838
300118
963
545
963
无
无
831542
600123
657
870473
835510
无
835471
300494
2090
600990
T00544
152345
127871
152315
152161
155870
152345
152315
127871
155870
152161
600180
600180
2066
600180
2066
无
300132
301296
300132
600818
301296
603726
603726
603726
870068
300975
836198
836198
836198
836198
2441
600581
600581
834950
837843
300185
605008
600755
1227
2662
601200
430563
430563
430563
430563
430563
831263
831263
603161
603161
603161
无
无
836131
893
40
837091
2348
无
无
830
830
300503
301266
301266
600183
831768
300433
973
300348
425
603800
300425
300185
600854
835266
832070
835266
600522
688448
300207
2191
300207
300207
300207
300434
300434
601188
T00337
836603
300530
300530
300530
300530
300530
838668
832473
835875
688212
688212
600843
600843
836898
1300
600177
600796
136819
152317
300803
300803
2733
2733
2733
300368
300368
430511
626
2537
2537
832339
无
300824
576
2348
300770
834165
688565
688565
688565
688565
688565
2021
600843
600843
600843
600843
836223
300297
300044
836223
2065
600795
2745
2745
603003
839353
2839
833189
833189
2966
833189
600223
537
143289
600970
600491
无
无
425
600048
601828
2371
603861
600490
832716
127288
300037
603777
2429
2429
2429
2429
300742
837711
837453
601100
831544
2413
无
600150
600150
600150
600150
600150
2967
300137
300137
300137
2030
831883
831883
831883
831883
600806
600592
124840
2335
2684
2779
无
870726
870726
136166
136208
136166
2676
870871
2676
2676
2676
111061
834718
834718
834718
2655
600704
600704
836961
836961
40002
无
111026
40025
600728
600728
600728
无
152315
152345
127871
155870
152161
603809
603809
2510
2651
2189
600309
725
2092
600405
600578
无
600352
188934
188545
175957
600352
881
881
881
881
881
无
600218
837291
600150
600150
600150
603158
603158
603680
603158
603158
688606
688606
688606
688606
688606
2394
2678
2678
2678
2394
无
无
603308
2091
T00616
185790
115151
603126
2483
2483
2483
2483
921
921
836954
2537
833843
603311
2116
T00607
832880
2116
600288
600288
2203
600288
2203
833199
300169
833199
833199
833199
816
816
816
816
562
127839
127810
127840
300197
184153
831162
2238
601238
600991
122126,601258
600350
600350
835621
16
600350
958
2185
600565
163933
163470
2002
2002
2002
300029
2002
301220
300741
833164
300886
603867
无
603268
834217
834217
603268

301010
301010
834706
300740
301159
523
202027
202027
2011
2011
600837
600837
300762
600837
300762
688301
633
688301
688301
688301
2348
300173
300116
301105
831881
无
831182
2527
300325
832069
600823
184406
425
600959
600959
509
300053
2909
2027
2909
2909
300280
300280
300280
300280
300280
600293
600711
300164
600105
301369
301
152682
139230
184285
601008
837531
688398
688398
688398
688398
600100
2765
2765
603011
603011
2247
2247
2247
2247
2247
832983
831575
837186
2122
831226
835030
688215
831069
688215
688215
834786
600398
600398
600398
600398
无
无
2348
973
973
973
973
688169
300003
688201
688201
831551
2100
603766
300121
780
780
605177
605177
605177
605177
788
无
无
600990
600775
600775
600775
600775
152315
127871
152345
143324
143324
600072
600072
600072
601226
600072
603980
2043
2095
2095
2095
876
876
603066
900953
600157
832771
832771
300165
832771
600983
300123
300123
600330

430729
2154
2098
2375
2098
2098
605
834353
300173
300173
833
无
600019
600243
600243
601106
600243
603010
300360
2373
2418
601777
143671
943
2615
943
943
300523
839189
937
839189
300523
T00536
300529
300529
122535
300829
2054
2054
2054
2054
2054
688668
688208
688208
836246
836246
300320
300320
1766
601766
837291
600006
688363
136983
600169
688363
600677
155843
155561
163248
143648
833971
835049
870825
870825
870825
2121
2121
2121
2121
2121
无
无
2031
430485
2708
834769
2553
300086
300086


300995
300340
300809
928
832229
832229
830961
300135
603789
830961
300970
837926
300178
837926
600832
837926
630
630
630
630
630
603026
600704
2476
603026
603026
835909
835909
835909
301017
600277
无
603477
603477
601811
811
601811
600338
300528
300528
300528
600076
727
600406
727
600562
600562
757
2207
300117
600016

600371
605588
300453
925
925
836572
831085
300287
831085
839164
无
2061
156
2061
2061
925
无
无
300426
300426
300426
300587
300587
603045
603045
603045
603045
603045
831249
831249
137702
137702
138526
603529
603529
603529
603529
603529
601298
601298
599
599
599
932
932
932
300187
932
152345
127871
152315
152161
155870
430759
2488
2488
2488
2488
688215
688215
688290
688290
300838
无
300554
300554
300554
300554
300554
300826
300826
300826
300826
300826
300058
300058
157
300058
1157
300501
300501
603035
603035
300393
837966
837966
837966
301123
300342
无
175448
163947
138780
138781
152531
2143
2143
2143
833492
858
688308
2685
2685
2685
2685
603982
603982
603982
603982
603982
300806
300109
300109
786
601375
无
无
835279
835279
835279
835279
300611
834938
834938
2483
2483
600195
695
124362
124941
695
695
688012
600602
600602
688105
600602
834252
831808
409

600750
2586
2586
300577
831580
600601
无
无
无
137755
603191
188552
188552

838157
2061
838157
2326
2326
无
603889
603889
603889
603889
603889
837127
600510
3017
300495
2309,112094
655
655
655
655
601958
2426
2426
2426
2426
2426
2446
1322
600684
2446
300147
无
688
605008
902
545
545
无
603356
603356
603356
603356
603356
124629
124148
2509
430668
184252
111065
831739
300818
600073
834632
无
300178
300178
300178
300178
300178
300128
300080
2,112285,112546
2,112285
2,112285
8285
8196
8285
74
8196
831263
2516
2516
688
2516
2749
2749
2422
300446
300446
无
无
600596
100
838393
600596
601007
T00470
300332
600671
837937
28
688355
688355
600765
300415
T00514
688388
688388
300134
688388
688388
2483
2483
301155
2483
2483
300238
600759
T00125
300094
300094
831724
831724
831724
600720
831724
无
600805
600614
816
600614
601038
600758
600409
600501
600501
601313
688697
831666
688697
688697
2008
430447
430460
1255
657
300806
836318
836318
836318
836318
835263
600839
832833
410
959
301043
688196
688196
688196
688196
688196
2837
2084
2837
2837
2837
无
无
127259
152902
127259
188907
188908
836644
155956
600821
600821
836644
600340
122494
136245
136244
136244
430085
654

300312
654
300090
600319
600319
832099
600319
300693
300693
300693
430265
300693
无
600710
600710
600710
600710
600710
300444
300596
300237
300237
300237,112558
688690
430568
300632
300887
834345
835720

601019
2157
915
300295
837788
833587
300339
603258
835536
834867
834867
835536
2861
127004
127004
688077
127607
185675
701
701
701
701
701
700
600370
700
600370
700
无
300456
300456
300456
300061
300456
2003
2003
2003
300256
2003
870879
870879
301068
301068
301068
无
300280
300280
300280
300280
300280
无
8331
2629
8331
603960
8331
300117
300428
2230
835110
725
601298
601298
600579
600017
601298
无
19
834754
834754
832453
19
2552
603755
603755
603755
603755
830804
2026
2026
830804
830804
2054
2419
2419
2054
2543
605319
605319
688053
688362
688362
300084
617
617
617
617
832355
832355
832355
832355
832355
338
831387
2338
338
519
无
无
无
2449
2449
832546
2449
2449
2722
836193
T00312
300265
300265
688566
688566
688566
688566
688566
605158
605488
836588
839563
836588
300117
600497
300117
600497
300117
603578
603239
300920
601233
300587
600710
2426
2426
2426
2426
835407
2334
300420
835407
300275
无
600805
600805
600805
600805
816
600576
300801
600918
300801
301313
603356
603356
603356
603356
2996
301229
301229
127871
152315
152345
2202
2202
600292
2128
973
603339
603339
2600
603995
603339
601366
601366
833999
2662
605333

2210
2210
2002
2002
603883
600704
600610
600610
600610
300100
300100
300100
528
300100
2373
832820
2512
832820
2373
2792
300431
300431
677
300431
301186
301186
2786
2786
301186
605060
605060
2547
2547
603331
2353
2353
301158
301158
301158
301040
833233
T00439
300718
601313
无
无
2124
2124
2124
2124
603536
2348

831171
831171
839103
无
425
603996
425
425
425
无
600691
838388
835619
838388
834469
2319
601928
601928
600836
601928
300403

300656
876
876
T00747
300984
300984
300984
300984
无
无
无
600673
836119
836119
600673
836119
无
430482
430482
430482
430482
430482
184095
127658
184041
600193
603307
无
600507
928
T00243
300185
300185
2364
2364
2364
2364
2364
603151
603151
603151
603151
603151
688698
688698
688698
688698
688698
831450
831450
831612
831450
833923
831237
831237
301326
2075
2075
600070
2395
300877
834217
301
300429
603133
832845
832845
600351
无
2425
2718
600885
300443
2425
122560
124853
300902
300477
870409
2735
2735
301198
301198
833643
603703
200986
600433
600433
200986
600022
600022
600022
600022
600022
301268
301268
777
301268
2547
301036
301036
870909
831649
152456
无
2560
831692
688084
300124
300124
无
无
无
688365
601519
600797
300113
300113
无
143616
122985
143616
143616
143616
816
816
816
816
816
688733
688733
300700
603150
688733
836325
300012
300012
688128
834399
600525
830806
3025
3025
830806
831786
837084
837084
831786
2662
300397
300397
300397
300397
300397
600677
688206
300666
688166
688511
605066
301368
605066
301368
605066
无
无
546
603588
603238
411
546
139072
139072
185605
2191
188280
870375
2633
2633
24
2039
无
600518
600332
600518
600518
2433
300314
2758
300314
300314
603997
2418
2050
2050
834095
2050
300280
300280
300280
300280
300280
603611
603611
603611
603611
603611
835313
600526
835313
835313
2633
834475
127014
127125
2322
2322
2127
2127
430460
300060
2127
无
无
871067
603269
871067
831261
830806
无

300709
300709
300709
300709
无
300280
300280
300280
300280
300280
无
2397
2397
2397
2397
2397
836446
605077
833769
833769
600986
584
584
584
600908
584
无
603725
603725
545
603725
603838
600562
600562
600562
2165
600562
无
300957
835008
710
710
2102
600499
600499
600499
603725
603725
688045
688045
300194
300441
300166
430028
430028
124407
601288
837826
无
603661
603600
603600
603600
603661
无
300531
2303
837489
2468
2416
无
600862
600862
600862
833758
600862
603703
603703
600766
837640
603365
833032
657
2915
2915
2915
无
无
300091
300091
425
300091
600482
2404
2404
2404
2404
2404
600234
1207
600234
600469
601163
605500
605500
603239
605500
605500
533
600839
2419
636
2348
835672
835672
185851
188454
143821
300548
300548
2
300323
688016
600080
600080
600080
600080
600522
无
无
无
无
832027
832027
832027
528
832027
2976
2976
2976
2976
3043
无
600783
300366
838991
838991
300366
无
2865
600673
300173
600894
300173
无
无
688138
300710
600522
688011
688418
122707
124674
175109
152117
152117
601231
300889
2997
2997
2519
无
T00552
300432
300432
603158
603158
无
无
601877
601877
601877
651
651
无
603043
603043
603043
603043
603043
无
300457
300607
836735
300607
2975
603059
152304
152021
870918
2002
无
600690
600690
600690
600690
600690
600704
600704
600704
601020
870424
300342
603528
601128
601128
601128
2647
2979
600526
2319
143616
880
880
880
880
338
300038
688596
603799
831402
688005
600449
603126
603126
603126
832388
2269
2269
300330
2411
600753
832350
300453
300453
T00558
300453
2116
2116
300308
601366
2498
T00599
T00599
300402
300456
300456
603158
2150
2150
832605
2150
300567
300567
688022
836541
688022
无
无
无
870772
870772
2043
300329
300329
无
603239
600129
833803
838478
603239
300682
2024
600579
603530
601012
300953
300953
300953
300953
300953
2595
2359
832298
2595
2092
300710
300710
832227
2273
300710
835177
835177
835177
300647
833914
300806
300806
300806
300806
300806
无
2514
2514
837513
600057
837513
无
605389
870919
605389
600710
605389
870834
870834
300709
600102
603212
834575
834575
300216
300216
300216
300382
300382
300382
300382
300382
无
717
2585
717
717
2585
300660
605258
831571
605258
605288
833284
600526
300209
600327
600327
603579
603579
603579
603579
603579
无
600406
600406
300113
688300
600406
555
555
837834
831018
300080
无
无
600287
600287
425
425
600287
603222
603222
603331
603331
601116
831747
2524
600118
688230
408
无
600119
300881
300023
300881
300881
1255
600851
300994
300994
300994
688311
711
711
300725
600171
2009
300489
1269
1269
603219
837127
837127
2026
837127
836384
688002
688011
688011
688002
688401
无
600501
600501
600501
300170
600677
无
无
2348
2420
2420
2881
2420
300549
136079
2025
600243
3021
831424
600877
600877
600877
300190
2807
300284
600320
890
605389
无
无
603709
603709
603709
603709
603709
833719
600094
300429
833719
300429
无
564
564
600395
564
688368
832532
835580
835580
300450
600710
688388
300083
300843
300083
300083
300580
838859
838859
838859
838859
836081
836081
836081
836081
10
832356
300475
600409
831602
831602
T00281
688195
688195
300226
300226
603813
603813
600700
836221
603358
603901
T00566
300512
603901
300512
301006
301006
301006
300598
300598
2079
2079
2079
2079
2079
833556
1375
601375
833556
833556
无
无
832414
832414
152261
155870
143324
430297
430297
430297
430297
836590
834090
834090
834090
834090
834090
301010
301010
603813
603813
951
600366
600366
2120
2120
2120
127450
152600
152599
831355
2519
无
834791
603386
603386
600588
300514
835782
2427
603680
2462
603680
无
无
无
无
838858
300484
137752
605255
605255
300763
600432
300797
300797
836446
890
600282
2671
657
657
300373
T00451
300373
835266
688103
2611
2611
2611
2611
2611
2389
2389
2389
2389
430060
2119
600724
2120
2937
2896
20005
20005
20005
602
20005
无
425
601619
601619
600732
425
430733
603877
603877
430733
870697
无
2384
2384
2384
2384
2384
838
838
838
600795
2905
600076
600076
600076
600076
600076
600516
600221
300890
928
300080
无
301018
301018
301018
2260
300738
833165

833165
300601
2266
无
2364
2364
2364
2364
870917
300185
300185
605389
601100
300185
无
600175
2160
600175
2160
2160
836270
301023
301023
300724
300724
2009
1766
601766
300360
600710
430098
300816
2907
300655
300655
无
无
无
605389
T00332
300280
300280
928
836964
T00514
T00514
300415
300415
无
832954
900953
666
601798
2070
无
无
127183
127183
300706
835355
600152
无
无
831526
832941
300489
300489
600628
301068
301068
600706
301068
301068
838817
839020
838560
838817
839020
600590
600590
600590
600590
600590
2796
600340
835209
835209
688390
无
2668
430442
430442
300281
300281
688711
688711
688711
831872
688711
603488
603488
603488
603488
603488
300666
603739
300666
124426
175015
600280
603883
603883
603883
584
300294
300565
836541
2925
300294
523
523
833550
2348
300173
838138
300160
2610
603157
300700
600493
600493
300381
833367
833367
838090
601218
838090
838090
600141
600346
600346
600346
601233
601233
509
2683
2683
601
2062
600361
2002
600361
600685
600361
2078
833394
833394
2078
488
2348
834301
2310
300037
2014
760
760
2331
2331
430642
2648
601700
545
545
300107
无
300134
T00625
300503
T00625
T00623
603899
603899
603899
603899
603899
无
834620
688737
603077
688259
688737
3043
3043
3043
3043
3043
2348
870713
300978
300173
300978
200706
839345
200706
2772
300511
510
837269
2489
2489
3041
2111
2111
2111
2111
2376
600988
603355
600988
603355
603355
152525
301268
301268
301268
600979
836440
600724
600724
600724
600724
无
835907
600273
600273
600273
600273
727
2983
2983
733
300116
605258
300569
780
545
958
836635
600815
300823
600022
833748
无
300995
831166
600367
688599
2761
无
834950
834950
600562
837203
600262
T00831
832473
831826
301125
T00428
300055
127345
127345
837703
127345
无
603016
600622
600622
603016
601766
603819
831571
832970
603819

无
300456
831458
2019
600787
600696
688329
601339
688329
2164
601339
无
839122
600725
835502
835502
603208
2079
300373
833067
2947
300802
无
2015
425
425
425
2015
无
833340
833340
651
837870
688380
2883
2883
2883
2883
603828
600661
600661
T00355
300292
300292
无
2348
834760
834689
834689
2203
无
603895
2031
603895
123024
2097
无
122917
122917
122917
600567
839721
无
2851
2348
400059
2851
2589
603218
603348
2547
600893
603663
无
600978
300438
600978
834434
834434
2343
300159
2343
2931
875
无
2645
300224
300224
600980
600980
832176
832176
832176
832176
832176
837042
430707
837042
2348
2798
无
无
无
无
无
无
300005
300005
300005
300005
300005
无
831647
2071
430025
603688
603688
无
2183
600210
2144
600210
600210
2176
605389
2176
601168
601168
832092
832092
600152
832092
600152
300821
688683
688683
688683
605020
600153
600335
600335
600491
600335
无
无
无
无
839381
839381

839381
832637
600415
601018
601018
601018
600415
无
无
870499
831587
831587
835531
2255
603388
603388
152345
127871
152315
837656
837656
837656
603053
837715
无
838976
300806
300806
603681
603681
601100
601100
601100
601100
600710
430283
2735
2883
2883
2883
600839
603185
603185
601727
601727
603345
2915
2915
2915
603150
2050
2418
2418
2050
2050
300539
300539
300539
300539
300539
831518
836850
836850
600862
600862
834258
2308
834258
2308
2308
300111
600668
122625
300111
300111
无
300034
601366
300034
837049
834675
无
603579
300763
603579
300763
835481
834385
2596
2596
2596
2596
300489
878
878
878
127124
300085
300231
601169
601169
601169
831158
300313
300313
300313
300313
无
688656
688656
688656
688656
430319
836232
2722
2722
2722
2722
2713
301004
301004
836089
603636
2348
831818
831818
832330
832330
无
831197
831197
831197
2152
831197
1209
300798
2763
1209
301043
600518
2806
636
2640
2640
188312
175164
188312
175164
559
无
836914
836914
836914
832454
836914
430240
430240
430240
832135
785
无
无
T00541
300471
300471
834090
834090
834300
2079
834300
2079
838106
300340
300340
300660
300660
300403
600703
600549
600549
701
600549
601188
839257
430366
2512
430366
2018
2122
603169
603169
830952
300126
2615
2615
138560
833770
2309
124957
2309
2309
2309
300185
300185
300185
300185
300185
2806
300285
300629
300629
300285
601218
601218
601218
300751
833786
2899
600398
2899
2899
2899
无
833821
835412
835412
127026
152275
无
688260
688260
603578
605208
301389
600803
600803
832465
600803
136519
418
300415
2348
2295
2705
2629
2425
2425
2425
2622
833029
506
837675
833029
837675
无
300219
600733
300547
300219
300912
无
无
300716
2348
601616
831197
831197
T00017
832152
300012
300012
301049
无
688383
688383
688383
300417
832469
2292
2292
2292
2292
2292
839103
839103
300430
300430
300430
无
2796
837262
2975
2796
2796
2610
2610
3027
2610
2610
无
无
2348
600323
2005
300173
657
无
136608
136166
136208
136523
529
2348
300540
300540
600458
834425
124942
716
188637
2592
600368
2327
2327
600346
600346
600346
603629
603629
831427
603629
603629
430184
603567
430452
T00473
430033
300037
300083
2341
300115
2786
603157
603157
2348
603157
603157
600746
600746
600746
600746
600746
599
599
599
599
599
无
839290
839290
300297
600732
600732
2245
600933
2245
300720
430674
973
2676
2676
973
973
无
2079
2079
300130
2079
2079
837057
837057
2999
600332
541
603708
837415
837415
600438
600438
835323
T00586
T00586
300395
300395
300353
688365
688365
688365
688365
409
425
600985
425
184576
600409
2479
830806
830806
603856
600166
600166
600166
600166
833537
600361
600361
600361
657
127871
152345
152315
127871
152161
155870
2228
2228
3015
832378
2228
301229
835194
2510
301186
301186
300034
300034
300034
870854
300034
832739
175284
175877
175109
413
无
无
300117
831787
300117
127345
831787
T00548
300822
300088
300461
300822
2506
2506
137609
185793
185904
601005
601005
1053
601005
600010
300095
657
600461
600875
833152
152455
152456
152345
152315
127871
无
961
672
600674
600395
600991
603019
300555
603019
2296
2296
605055
605055
605055
605055
605055
2648
2648
2648
2648
601233
2088
2088
2088
833141
603977
688211
688211
688211
688211
688047
833225
688398
688398
832634
688398
300656
600850
2415
600071
2188
无
688381
688381
688381
2239
2052
无
2521
600587
600587
600587
600587
T00400
300338
300338
601618
300256
300177
300177
2499
836699
2499
601789
600665
301277
600665
2335
877
877
877
877
877
无
2615
2615
603277
301004
603008
837339
837339
837339
837339
425
511
603133
603133
603133
603133
122216,601233
601233
601233
601233
122216
600328
600328
600328
600328
600328
600021
600021
600021
600021
600021
836098
835790
836098
779
2268
430170
600985
600985
600985
600985
无
300596
838591
834081
832429
834175
无
831073
2545
2545
300043
688063
835013
8
600490
835013
301016
无
无
300242
831907
600728
688051
688051
无
139317
124552
139316
300304
155484
603060
603108
603060
603108
2066
2175
2175
2175
70
70
603161
127004
127607
185675
175699
839393
830993
839393
837429
300792
534
534
534
534
534
无
无
834180
603917
603917
603917
2997
124549
300080
601633
837600
300091
2030
2030
2030
9
9
2348
837705
2600
300599
527
T00254
300366
300366
710002
2061
300256
300256
124428
600866
300256
300145
300145
300266

300316
600091
600277
600277
600277
725
3015
3015
601877
3015
301105
175764
175763
175957
601718
136205
无
600820
600226
600820
600820
835380
832429
832429
832429
603298
603298
122903
188826
122859
122858
600805
152277
834008
2637
2637
688186
无
无
无
605180
603529
603529
605180
603122
600713
2172
430345
2411
600604
688170
2008
2008
688170
2008
600290
603955
603778
603778
603778
2386
300712
122654
831573
2601
无
2044
2044
2044
2044
2044
600880
600880
600880
600880
600880
831623
831623
831623
601966
506
832065
832065
300284
300284
603680
无
无
300237
300237
600501
300266
300266
2564
2564
2255
2255
2274
600408
600870
2462
600408
2329
870918
870918
870918
837344
837344
835323
835323
T00586
127363
300395
无
834441
600282
834441
603876
603876
601100
601100
300443
601100
601100
834062
603093
603093
838809
603008
2474
2247
600770
688083
834712
300103
300103
603966
300103
300103
无
无
603105
603105
600657
152762
603105
600758
2564
601233
2564
601200
127381
600671
127381
127381
600466
无
无
599
601298
601298
601298
601298
122343
122343
122250
122250
603077
无
300373
600513
600213
603013
600213
600388
600388
600388
600549
600549
2146
2146
837134
837134
T00656
152456
152455
600959
600959
600959
无
无
2124
2124
2124
2124
301218
810
832374
600735
2117
300999
600330
688260
688260
831447
870493
430352
603390
430352
2576
2576
603707
603707
600775
603707
603707
无
T00361
300301
300301
603912
61
2675
2675
2675
600365
2675
600886
300856
143853
155476
155265
无
839300
603611
2667
600328
2667
971
971
971
971
971
301115
301115
600226
601168
601168
430483
430483
430483
600185
600289
100
1319
2638
300749
300048
无
无
无
无
无
无
425
425
425
163492
136139
无
无
880
2595
880
688596
600319
1266
1266
1266
1266
1266
301061
185810
185928
185274
185275
无
870696
831787
138859
138859
831787
2467
2467
2467
2467
2467
2883
2883
300466
603501
600690
2044
870873
833981
836279
2043
124011
124011
600608
832237
688510
无
无
603269
603269
688070
688070
688070